"spp"	"ID"	"palindrome"	"obs"	"markov3"	"genomesize"	"A"	"Th"	"C"	"G"	"N"	"pval"	"fdrs"	"frecObs"	"OE"	"GC"
Thermosynechococcus_elongatus_BP1	GCF_000011345.1	CATTG	5415	4458.96317966886	2593857	598906	596397	698712	699842	0	5.9639252418675e-44	7.7133433128153e-42	2.08762472256566	1.2144078750617	0.53917929939854
Cyanothece_PCC_8801	GCF_000021805.1	GCTGC	3282	2512.76289513423	4787694	1441767	1442443	952377	951107	0	7.07998498655105e-49	1.2927219646032e-46	0.685507469775637	1.30613198975333	0.397578458439491
Fischerella_thermalis_PCC_7521	GCF_000317225.1	GGGCC	875	542.527890365241	5438272	1606402	1601345	1112502	1118022	1	1.97998656402903e-39	1.89103947530649e-37	0.160896696597743	1.61282030940553	0.41015315345631
Cyanobacterium_stanieri_PCC_7202	GCF_000317655.1	CCGGG	796	464.408902853903	3163381	972419	967850	612211	610901	0	1.80119038323253e-44	2.37910423385266e-42	0.251629506531145	1.7140067623777	0.386647071598394
Geminocystis_herdmanii_PCC_6308	GCF_000332235.1	CCCGG	849	483.564809977303	4263418	1402199	1398894	730751	730574	1000	4.57126501144802e-51	1.05105234040997e-48	0.199135998393777	1.75571088400715	0.342839439961074
Geitlerinema_PCC_7407	GCF_000317045.1	CAATG	4606	3570.75603986344	4681111	970579	973810	1365855	1370867	0	5.1321823176044e-62	1.99128673923051e-59	0.983954450129467	1.28992290388345	0.584630870748418
Leptolyngbya_PCC_6406	GCF_000332095.2	CAATG	8120	6855.98589004787	5776957	1297124	1288693	1593714	1589698	7728	4.35367040908659e-50	8.71857609664824e-48	1.40558428944512	1.18436649815557	0.551791582549419
Pseudanabaena_PCC_7367	GCF_000317065.1	CACTG	4931	3952.87927177704	4885680	1314560	1312767	1130783	1127570	0	5.28649580681062e-51	1.17209164173858e-48	1.00927608848717	1.24744513074472	0.462239237936173
Microchaete_PCC_7126	GCF_000332295.1	GGCCC	1203	706.061620207976	5742264	1653363	1665362	1207597	1215742	200	7.07672661027487e-65	3.37940913819895e-62	0.20949924977326	1.70381729521801	0.422032739447
Synechocystis_PCC_6803	GCF_000009725.1	CATTG	8060	5803.77937140429	3947019	1037565	1039901	933284	936269	0	1.71009940127202e-172	2.65407427077417e-169	2.04204742870506	1.38875024087103	0.473662021895512
Leptolyngbya_Heron_Island_J	GCF_000482245.1	CAATG	12739	11099.1689783704	8064168	2091263	2098140	1931671	1943090	0	1.47858709038518e-52	3.82461194046299e-50	1.57970419267059	1.14774358556259	0.480491344174052
Stanieria_cyanosphaera_PCC_7437	GCF_000317575.1	GCTGC	5748	4796.72683817035	5544990	1767264	1769151	1002535	1006040	0	9.25989470864159e-41	9.74329260190627e-39	1.03661142761303	1.19831714290249	0.362232393566084
Thermosynechococcus_NK55a	GCF_000505665.1	CAATG	5155	4263.09800769419	2520064	578938	585049	678152	677825	100	3.01149062562339e-40	3.11588896731166e-38	2.04558296932141	1.20921451739934	0.538093798165371
Halothece_PCC_7418	GCF_000317635.1	GCAGC	4697	3826.67782803865	4179170	1199645	1185719	896769	897037	0	2.53998328790253e-42	2.92004004653683e-40	1.12390737873788	1.22743544428652	0.429225420358588
Cyanothece_CCY0110	GCF_000169335.1	GCTGC	4099	3180.71722705112	5880532	1866593	1856167	1079560	1078212	0	5.01167391840138e-55	1.4142032584289e-52	0.69704577749088	1.28870305261315	0.366934828345463
Cyanothece_PCC_7822	GCF_000147335.1	GCGGC	9753	6679.74062276017	7841948	2358436	2354903	1565567	1563042	0	2.29369372103038e-271	1.42392506201566e-267	1.24369608163686	1.46008663371871	0.398958141522999
Microcoleus_PCC_7113	GCF_000317515.1	GCGGC	7585	6530.09312044766	7966510	2140709	2144210	1842846	1838745	0	2.11461729695629e-37	1.84894988443728e-35	0.952110773726513	1.16154545733033	0.462133481286034
Prochlorothrix_hollandica_PCC_9006	GCF_000332315.1	CATTG	8137	6218.43459747311	5646343	1281458	1282986	1533293	1526606	22000	1.22359378831044e-119	1.51921404756624e-116	1.44110975900685	1.30852867750776	0.544045588969236
Crocosphaera_watsonii_WH8501	GCF_000167195.1	GCTGC	3768	3006.84334483124	6238156	1960992	1961957	1155995	1159008	204	6.1205893480994e-41	6.55114115051743e-39	0.604024650874393	1.25314144033383	0.371115872645381
Synechococcus_PCC_7002	GCF_000019485.1	CATTG	5687	4158.59542045871	3409935	865799	866890	838600	838646	0	7.09057813732e-112	7.33638484608042e-109	1.66777372589214	1.36752903925737	0.491870372895671
Chamaesiphon_minutus_PCC_6605	GCF_000317145.1	AGGCT	5516	4553.71853359184	6761765	1838722	1834836	1545099	1543008	100	1.3134898585616e-43	1.66411123305111e-41	0.815763339897201	1.2113177306216	0.456708074120797
Cyanobacterium_aponinum_PCC_10605	GCF_000317675.1	CCGGG	1045	640.750403329413	4176973	1357200	1360697	731481	727595	0	1.17578087005289e-48	2.02756878924675e-46	0.250181171867762	1.63090026095974	0.349314204329307
Gloeobacter_kilaueensis_JS1	GCF_000484535.1	AAATT	3576	2801.29451256365	4724791	931715	932838	1431757	1428481	0	5.18266794157278e-45	6.99434838723562e-43	0.756858874815838	1.27655267375916	0.605368152792367
Cyanothece_PCC_8802	GCF_000024045.1	GCTGC	3376	2535.67424170148	4803347	1442047	1448704	957717	954873	6	4.88447811953327e-57	1.4439447698125e-54	0.70284324659451	1.33140130718631	0.398179100755079
Oscillatoria_acuminata_PCC_6304	GCF_000317105.1	GGGCC	4430	3609.58521326826	7804270	2038820	2049663	1857369	1858418	0	5.72667358219824e-40	5.82806386857158e-38	0.567637972545799	1.22728782900485	0.476122302278112
Dactylococcopsis_salina_PCC_8305	GCF_000317615.1	CACTG	4276	3459.49475785127	3781008	1092085	1084325	803512	801086	0	3.70254697655932e-41	4.03252835622461e-39	1.13091535378925	1.23601863835628	0.42438365642178
Cylindrospermum_stagnale_PCC_7417	GCF_000317535.1	GGGCC	1494	993.948848335953	7610589	2202263	2196338	1606737	1605051	200	1.70499235215147e-49	3.2074522794413e-47	0.196305437069325	1.50309545858544	0.422026784701807
Calothrix_PCC_7103	GCF_000331305.1	GGCCC	650	359.118386697074	11584393	3559908	3554391	2229471	2234522	6101	2.39471652095256e-43	2.80498116265537e-41	0.0561099748601416	1.80998808214265	0.385548490226365
Cyanothece_ATCC_51142	GCF_000017845.1	GCTGC	3763	2958.98430796278	5460377	1698570	1690034	1034562	1037211	0	6.45334178436414e-46	9.53865376126966e-44	0.689146555265323	1.27172016082464	0.379419406388973
Chlorogloeopsis_fritschii_PCC_6912	GCF_000317285.1	GGCCC	1373	821.435398366565	7751745	2274406	2261848	1607973	1607518	0	4.44162708913588e-69	2.75736209693556e-66	0.177121409437488	1.67146436923735	0.414808665661732
Nostoc_punctiforme_ATCC_29133	GCF_000020025.1	GGGCC	1747	1188.37531899941	9059191	2658118	2654688	1873338	1873047	0	5.39108051854351e-52	1.33871311436473e-49	0.192842826693907	1.47007428719653	0.41354520508509
