"spp"	"ID"	"palindrome"	"obs"	"markov3"	"genomesize"	"A"	"Th"	"C"	"G"	"N"	"pval"	"fdrs"	"frecObs"	"OE"	"GC"
Prochloron_didemni_P4-Papua_New_Guinea	GCF_000252485.1	CGATCG	1358	425.132040999327	5686559	1632644	1671324	1198266	1184301	24	2.2960241011242e-282	7.95408349318026e-282	0.238808741806776	3.19430169696889	0.418983968268902
Geminocystis_herdmanii_PCC_6308	GCF_000332235.1	CGATCG	7695	875.661170750829	4263418	1402199	1398894	730751	730574	1000	0	0	1.80488987943476	8.78764556089884	0.342839439961074
Geitlerinema_PCC_7407	GCF_000317045.1	CGATCG	4825	2756.16171338262	4681111	970579	973810	1365855	1370867	0	1.01993545765888e-277	3.41150825492796e-277	1.03073821577826	1.75062296837376	0.584630870748418
Pseudanabaena_PCC_7367	GCF_000317065.1	CGATCG	16216	5143.74070620756	4885680	1314560	1312767	1130783	1127570	0	0	0	3.31908761932832	3.15256948711086	0.462239237936173
Synechococcus_elongatus_PCC_6301	GCF_022984195.1	CGATCG	5799	2581.0612968142	2749599	613457	611833	762623	761686	0	0	0	2.10903480834842	2.2467502058776	0.554375019775611
Gloeocapsa_PCC_7428	GCF_000317555.1	CGATCG	3190	1442.66232412651	5882710	1669666	1662208	1275272	1275564	0	0	0	0.542267084387978	2.2111896503095	0.433615799520969
Nostoc_PCC_7107	GCF_000316625.1	CGATCG	1106	268.814723017239	6329823	1884265	1890982	1275594	1278982	0	2.2008549446515e-318	8.21088190889213e-318	0.174728424475692	4.1143579770706	0.403577793565476
Synechocystis_PCC_6803	GCF_000009725.1	CGATCG	2119	565.09058482521	3947019	1037565	1039901	933284	936269	0	0	0	0.536860856256329	3.74984127660777	0.473662021895512
Oscillatoriales_cyanobacterium_JSC-12	GCA_000309945.1	CGATCG	3252	1251.98655222271	5530491	1453537	1449543	1322800	1302611	2000	0	0	0.588012890718021	2.59747198899746	0.47488745120504
Anabaena_PCC_7120	GCF_000009705.1	CGATCG	1144	293.899536070815	7211789	2118832	2116772	1487984	1488201	0	1.42171026966238e-308	5.10762578360187e-308	0.158629155678293	3.89248657991877	0.412683316164685
Halothece_PCC_7418	GCF_000317635.1	CGATCG	1950	796.906007174082	4179170	1199645	1185719	896769	897037	0	1.1841564564736e-259	3.70526375090126e-259	0.466599827238423	2.44696360981757	0.429225420358588
Anabaena_variabilis_ATCC_29413	GCF_000204075.1	CGATCG	1262	295.567992544153	7105752	2089422	2073856	1470375	1472099	0	0	0	0.177602595756227	4.26974514099824	0.414097480463714
Synechococcus_PCC_7336	GCF_000332275.1	CGATCG	10711	4724.02120190848	5066637	1170631	1174143	1354159	1367004	700	0	0	2.11402553607057	2.2673479948974	0.537149001260774
Microcoleus_PCC_7113	GCF_000317515.1	CGATCG	2328	1015.5347385923	7966510	2140709	2144210	1842846	1838745	0	2.31525715853121e-271	7.48599814591759e-271	0.292223319872818	2.29238834628838	0.462133481286034
Pleurocapsa_PCC_7327	GCF_000317025.1	CGATCG	6541	2869.71206156625	4986817	1368246	1364862	1126953	1126756	0	0	0	1.31165831832209	2.27932275422434	0.451933367516795
Prochlorothrix_hollandica_PCC_9006	GCF_000332315.1	CGATCG	12758	3498.65647306612	5646343	1281458	1282986	1533293	1526606	22000	0	0	2.25951558380353	3.64654263664225	0.544045588969236
Cyanothece_PCC_7425	GCF_000022045.1	CGATCG	9961	2801.89255067132	5786110	1428298	1427239	1469623	1460950	0	0	0	1.72153657638724	3.55509707094706	0.506484149108814
Oscillatoria_nigro-viridis_PCC_7112	GCF_000317475.1	CGATCG	15488	3128.2958079269	8272254	2250195	2234651	1890595	1896813	0	0	0	1.87228293521935	4.95093845049897	0.457844742194812
Chamaesiphon_minutus_PCC_6605	GCF_000317145.1	CGATCG	26114	10979.0024211678	6761765	1838722	1834836	1545099	1543008	100	0	0	3.8620094013915	2.37854032618222	0.456708074120797
Synechococcus_elongatus_PCC_7942	GCF_014698905.1	CGATCG	5797	2581.00583999232	2743371	609814	612609	760336	760612	0	0	0	2.11309370843389	2.24602358901181	0.554408426712975
Cyanobacterium_aponinum_PCC_10605	GCF_000317675.1	CGATCG	1449	198.608817262823	4176973	1357200	1360697	731481	727595	0	0	0	0.346901931135298	7.29574859751826	0.349314204329307
Microcystis_aeruginosa_NIES843	GCF_000010625.1	CGATCG	4415	1705.55965939166	5842795	1686154	1683349	1237551	1235741	0	0	0	0.755631508550274	2.58859311997021	0.423306311448545
Cyanothece_PCC_7424	GCF_000021825.1	CGATCG	2986	819.398632377642	6554169	2007565	2022606	1261085	1262913	0	0	0	0.455587886122558	3.64413593336805	0.385098095578555
Calothrix_PCC_7507	GCF_000316575.1	CGATCG	1799	438.801423885	7023215	2028932	2027174	1485649	1481460	0	0	0	0.256150495179202	4.09980438092534	0.422471617343339
Scytonema_hofmanni_UTEX_2349	GCF_000582685.1	CGATCG	2168	580.208020767496	8133444	2381625	2391176	1672843	1672998	14802	0	0	0.266553750170285	3.73659088189126	0.412118307470634
Chroococcidiopsis_thermalis_PCC_7203	GCF_000317125.1	CGATCG	8634	2822.48514017784	6689401	1857038	1857273	1490738	1484352	0	0	0	1.29069852442693	3.05900636183898	0.444746846541267
Oscillatoria_acuminata_PCC_6304	GCF_000317105.1	CGATCG	8092	1595.49660503377	7804270	2038820	2049663	1857369	1858418	0	0	0	1.03686827851932	5.07177512911646	0.476122302278112
Dactylococcopsis_salina_PCC_8305	GCF_000317615.1	CGATCG	6918	1310.98481380554	3781008	1092085	1084325	803512	801086	0	0	0	1.82967081794061	5.27694899830179	0.42438365642178
Arthrospira_platensis_NIES-39	GCF_000210375.1	CGATCG	3800	615.723282723297	6788435	1862754	1866935	1486687	1476489	95570	0	0	0.559775559462527	6.17160355410452	0.442736556018984
Chlorogloeopsis_fritschii_PCC_6912	GCF_000317285.1	CGATCG	2607	706.159390003626	7751745	2274406	2261848	1607973	1607518	0	0	0	0.336311372471618	3.69180108188693	0.414808665661732
Nostoc_punctiforme_ATCC_29133	GCF_000020025.1	CGATCG	3006	671.843106093527	9059191	2658118	2654688	1873338	1873047	0	0	0	0.331817708667363	4.4742589046996	0.41354520508509
