"spp"	"ID"	"palindrome"	"obs"	"markov2"	"genomesize"	"A"	"Th"	"C"	"G"	"N"	"pval"	"fdrs"	"frecObs"	"OE"	"GC"
Nostoc_azollae_0708_0708	GCF_000196515.1	ATAT	36972	34079.9596710141	5486145	1691228	1689682	1051384	1053851	0	1.74516704857013e-54	3.86621623067843e-53	6.73915837076855	1.08486043871248	0.383736667550712
Allocoleopsis_franciscana_PCC_7113_PCC_7113	GCF_000317515.1	ATAT	26641	24369.3476593418	7966510	2140709	2144210	1842846	1838745	0	4.97347277723952e-47	9.76609199894305e-46	3.3441243405205	1.09321760977822	0.462133481286034
Anabaena_cylindrica_PCC_7122_PCC_7122	GCF_000317695.1	ATAT	45685	40637.1503202517	7063285	2165259	2158136	1369757	1370133	0	3.9021565512153e-134	1.82241257310812e-132	6.46795365046151	1.12421760974791	0.387905910635066
Anabaena_sp_90_90	GCF_000312705.1	ATAT	36011	32412.0292662552	5305675	1645866	1638530	1009149	1012130	0	1.1344315664742e-86	4.26151684101612e-85	6.78726081035872	1.11103811810672	0.38096547564636
Anabaena_sp_WA102_WA102	GCF_001277295.1	ATAT	39149	35102.3948394858	5782034	1778374	1784685	1107963	1111012	0	1.13287071887041e-100	4.71710988483874e-99	6.77080072514274	1.11528003086451	0.383770659252436
Anabaena_sp_YBS01_YBS01	GCF_009498015.1	ATAT	39695	34290.6132320603	7013200	2054623	2052785	1455723	1450069	0	2.07135746039005e-179	1.49137737148083e-177	5.66004106541949	1.15760542779932	0.414331831403639
Calothrix_sp_336-3_336-3	GCF_000734895.2	AATT	78201	73829.1930905403	6420126	1888622	1893029	1320097	1318378	0	4.09369473012084e-58	9.43187265819841e-57	12.1806020629502	1.05921515225147	0.410969348576648
Calothrix_sp_336-3_336-3	GCF_000734895.2	ATAT	40571	35702.1903585589	6420126	1888622	1893029	1320097	1318378	0	2.34498223347045e-141	1.15775122841056e-139	6.31934638042929	1.13637285534986	0.410969348576648
Calothrix_sp_NIES-2098_NIES-2098	GCF_002368175.1	AATT	103777	97920.8016978375	8878628	2607797	2614225	1829739	1826867	0	8.12547867441357e-78	2.52987876565525e-76	11.6884050103237	1.05980545706962	0.411843586644243
Calothrix_sp_NIES-2098_NIES-2098	GCF_002368175.1	ATAT	49155	41791.2705522421	8878628	2607797	2614225	1829739	1826867	0	1.67408417809635e-270	3.61602182468811e-268	5.53632836064311	1.17620257413693	0.411843586644243
Calothrix_sp_NIES-3974_NIES-3974	GCF_002368395.1	ATAT	36562	31815.662588911	5985875	1752542	1747626	1241704	1244003	0	5.61317380332778e-150	2.98448133296935e-148	6.10804602501723	1.14918241598223	0.415262096184768
Calothrix_sp_NIES-4071_NIES-4071	GCF_002368455.1	ATAT	89158	78850.570009008	12049274	3668719	3681220	2347242	2352093	0	3.35329756479282e-285	9.65749698660333e-283	7.39944995856182	1.13072105870401	0.390009804740103
Calothrix_sp_NIES-4071_NIES-4071	GCF_002368455.1	GCGC	50477	39793.7300012064	12049274	3668719	3681220	2347242	2352093	0	0	0	4.18921505146285	1.26846616284701	0.390009804740103
Calothrix_sp_NIES-4071_NIES-4071	GCF_002368455.1	CGCG	33675	29357.1328945927	12049274	3668719	3681220	2347242	2352093	0	1.9515241854368e-134	9.23899669160218e-133	2.79477419137452	1.14708068124059	0.390009804740103
Calothrix_sp_PCC_6303_PCC_6303	GCF_000317435.1	ATAT	45019	37856.3350643977	6960392	2095340	2095034	1387516	1382502	0	1.44510487868802e-281	3.84175573903523e-279	6.46788284338009	1.18920650727065	0.397968677626203
Calothrix_sp_PCC_7507_PCC_7507	GCF_000316575.1	ATAT	36692	31763.8275390989	7023215	2028932	2027174	1485649	1481460	0	2.39243289537366e-161	1.47647287257346e-159	5.22438797616191	1.15515046021563	0.422471617343339
Calothrix_sp_PCC_7716_PCC_7716	GCF_019977735.1	ATAT	93392	83225.5676820193	12367066	3817922	3794023	2374478	2380643	0	8.58585663807238e-264	1.6484844745099e-261	7.55166989486431	1.12215515737692	0.384498716187008
Calothrix_sp_PCC_7716_PCC_7716	GCF_019977735.1	GCGC	46485	35794.5566755089	12367066	3817922	3794023	2374478	2380643	0	0	0	3.75877350375586	1.29866114620175	0.384498716187008
Chondrocystis_sp_NIES-4102_NIES-4102	GCF_002368355.1	AATT	72673	68842.2223524721	5002520	1579848	1590642	915636	916394	0	2.20990061032929e-48	4.49259794664589e-47	14.5272782517611	1.0556457580337	0.366221424402101
Chondrocystis_sp_NIES-4102_NIES-4102	GCF_002368355.1	ATAT	38066	34287.3658590704	5002520	1579848	1590642	915636	916394	0	2.58225208755989e-90	1.0141208198417e-88	7.60936488010043	1.11020485377794	0.366221424402101
Chroococcidiopsis_sp_CCNUC1_CCNUC1	GCF_023546805.1	AATT	69418	61736.0541662345	6955760	1923908	1934636	1549525	1547691	0	6.58244925093568e-204	8.42553504119768e-202	9.97993030236811	1.12443208328606	0.445273557454541
Chroococcidiopsis_sp_CCNUC1_CCNUC1	GCF_023546805.1	ATAT	28398	24056.3232645715	6955760	1923908	1934636	1549525	1547691	0	7.0299369549782e-164	4.49915965118605e-162	4.08265955122086	1.18047964718792	0.445273557454541
Chroococcidiopsis_sp_CCNUC1_CCNUC1	GCF_023546805.1	GATC	38366	35490.6808426636	6955760	1923908	1934636	1549525	1547691	0	7.96644141558483e-52	1.71006344920877e-50	5.51571647095357	1.08101617351561	0.445273557454541
Chroococcidiopsis_thermalis_PCC_7203_PCC_7203	GCF_000317125.1	AATT	67238	59732.4882983737	6689401	1857038	1857273	1490738	1484352	0	3.79682428233539e-201	4.68636597133968e-199	10.0514231393812	1.12565208507864	0.444746846541267
Chroococcidiopsis_thermalis_PCC_7203_PCC_7203	GCF_000317125.1	ATAT	27399	23154.7670823124	6689401	1857038	1857273	1490738	1484352	0	1.38114098745565e-162	8.67858773208494e-161	4.09588242654312	1.18329845005998	0.444746846541267
Chroococcidiopsis_thermalis_PCC_7203_PCC_7203	GCF_000317125.1	GATC	36885	34043.7952267886	6689401	1857038	1857273	1490738	1484352	0	1.12262111901992e-52	2.44011231907725e-51	5.51394661495103	1.08345734528962	0.444746846541267
Crinalium_epipsammum_PCC_9333_PCC_9333	GCF_000317495.1	AATT	68356	63698.5002549627	5620407	1682950	1680154	1135868	1121435	0	1.9458664342161e-75	5.69907999716174e-74	12.1621085448082	1.07311788702081	0.401626252333683
Crinalium_epipsammum_PCC_9333_PCC_9333	GCF_000317495.1	ATAT	30695	26012.812013374	5620407	1682950	1680154	1135868	1121435	0	2.52926320521805e-176	1.74822672744672e-174	5.46134826178958	1.17999545701629	0.401626252333683
Cyanobium_gracile_PCC_6307_PCC_6307	GCF_000316515.1	AATT	1613	1032.35556190718	3342364	527179	518741	1150343	1146101	0	9.56403461444261e-63	2.37793551277077e-61	0.482592560235809	1.56244617602498	0.687071785119754
Cyanobium_gracile_PCC_6307_PCC_6307	GCF_000316515.1	AGCT	16822	15157.6301375928	3342364	527179	518741	1150343	1146101	0	1.00361612242138e-40	1.70861936900901e-39	5.03296469205628	1.10980409518499	0.687071785119754
Cyanobium_gracile_PCC_6307_PCC_6307	GCF_000316515.1	TCGA	19274	13643.3599519621	3342364	527179	518741	1150343	1146101	0	0	0	5.76657718907935	1.41270186140827	0.687071785119754
Cyanobium_gracile_PCC_6307_PCC_6307	GCF_000316515.1	TTAA	709	431.399798707738	3342364	527179	518741	1150343	1146101	0	1.43643741176587e-34	2.14905960825232e-33	0.21212531010985	1.64348709045256	0.687071785119754
Cyanobium_sp_M30B3	GCF_018399015.1	AATT	1993	1469.66482810283	3180296	514717	510459	1081483	1073637	0	1.38166036494175e-38	2.25236708548994e-37	0.626671228086945	1.35609151276535	0.677647615190536
Cyanobium_sp_M30B3	GCF_018399015.1	AGCT	19963	17951.9934274506	3180296	514717	510459	1081483	1073637	0	9.54080373295281e-50	2.01054985982225e-48	6.27708867350712	1.11202135187251	0.677647615190536
Cyanobium_sp_M30B3	GCF_018399015.1	GGCC	59123	55221.3660732109	3180296	514717	510459	1081483	1073637	0	6.82038298150915e-62	1.68366025600683e-60	18.5904079368713	1.07065442607154	0.677647615190536
Cyanobium_sp_M30B3	GCF_018399015.1	TCGA	14730	10807.7580959553	3180296	514717	510459	1081483	1073637	0	5.53927710821449e-281	1.36741012042781e-278	4.63164435008565	1.3629098532019	0.677647615190536
Cyanobium_sp_M30B3	GCF_018399015.1	TTAA	914	539.892313550071	3180296	514717	510459	1081483	1073637	0	9.86129277452822e-49	2.04075615741135e-47	0.287394632449307	1.69293019563471	0.677647615190536
Cyanobium_sp_NIES-981_NIES-981	GCF_900088535.1	AATT	1311	889.437119887024	3021545	482925	465347	1040867	1032406	0	5.1911980827298e-40	8.62537527592028e-39	0.433883989813159	1.47396591696839	0.686163204585733
Cyanobium_sp_NIES-981_NIES-981	GCF_900088535.1	GGCC	56438	53282.6928983506	3021545	482925	465347	1040867	1032406	0	8.84796404219047e-43	1.59263352759428e-41	18.6785237353738	1.05921823635432	0.686163204585733
Cyanobium_sp_NIES-981_NIES-981	GCF_900088535.1	TCGA	14822	10351.300300906	3021545	482925	465347	1040867	1032406	0	0	0	4.90543745004625	1.43189740120888	0.686163204585733
Cyanobium_sp_NIES-981_NIES-981	GCF_900088535.1	TTAA	524	281.30993477659	3021545	482925	465347	1040867	1032406	0	2.57938072299802e-38	4.16557933583231e-37	0.173421213319676	1.86271416406302	0.686163204585733
Cyanobium_sp_NS01_NS01	GCF_014280235.1	GGCC	52984	49157.2397750741	2748087	439261	442008	938354	928464	0	1.32951327581551e-66	3.37852785383706e-65	19.2803211834269	1.07784733728818	0.679315465631183
Cyanobium_sp_NS01_NS01	GCF_014280235.1	TCGA	13502	9898.2628695714	2748087	439261	442008	938354	928464	0	3.66028727753123e-259	6.65786991113049e-257	4.91323600744809	1.36407773544861	0.679315465631183
Cylindrospermopsis_curvispora_GIHE-G1_GIHE-G1	GCF_014489415.1	ATAT	25856	23582.8067704628	4057210	1211935	1218838	813821	812616	0	1.11576949923768e-48	2.29529725557466e-47	6.37285228026156	1.09639197113655	0.400875724943989
Cylindrospermopsis_raciborskii_Cr2010_Cr2010	GCF_003367075.2	ATAT	23411	21325.3408450629	3757845	1124122	1121961	752592	759170	0	1.96609906192064e-45	3.73342766922953e-44	6.22990038173474	1.09780191416823	0.402294932334889
Cylindrospermopsis_raciborskii_KLL07_KLL07	GCF_021650815.1	ATAT	23948	21775.9067141536	3808183	1141943	1136038	764824	765378	0	4.20015215843506e-48	8.43937549973929e-47	6.28856333847402	1.09974754734023	0.401819450378304
Cylindrospermopsis_raciborskii_N8_N8	GCF_018139025.1	ATAT	24485	22298.3444743283	3857174	1153866	1155519	772348	775441	0	1.17500641096705e-47	2.33380583695524e-46	6.34791170945361	1.09806358172416	0.401275389702409
Dolichospermum_flos-aquae_CCAP_1403-13F_CCAP_1403-13f	GCF_012516395.1	ATAT	35684	32004.0301095004	5220684	1617601	1611525	994874	996684	0	1.55179207294981e-91	6.23603884199365e-90	6.83511968929742	1.11498457781438	0.38147453475445
Dolichospermum_heterosporum_TAC447_NIES-1697	GCF_024584745.1	ATAT	39399	34715.2894983912	5833376	1794712	1791420	1121914	1125330	0	9.36414021489251e-135	4.4947873031484e-133	6.75406488455399	1.13491780046443	0.385239010823235
Dolichospermum_sp_UHCC_0315A_UHCC_0315A	GCF_008121535.1	ATAT	38496	34543.1568223189	5642022	1745109	1744007	1074389	1078517	0	1.02961753402349e-97	4.23614071141092e-96	6.82308576606047	1.11443201899622	0.381584120019383
Euhalothece_natronophila_Z-M001_Z-M001	GCF_007904085.1	CGCG	8736	7050.69302812847	3524308	1043086	1036150	721395	723677	0	8.58208368626082e-84	3.12207170733867e-82	2.4787844876214	1.23902713749529	0.410029997378209
Fischerella_sp_NIES-3754_NIES-3754	GCF_001548455.1	AATT	64511	61015.1488006574	5826863	1723733	1715387	1192344	1195399	0	2.05058692139982e-45	3.87258382533211e-44	11.0713088672241	1.05729480740535	0.40978190151373
Fischerella_sp_NIES-3754_NIES-3754	GCF_001548455.1	ATAT	29979	26422.080613091	5826863	1723733	1715387	1192344	1195399	0	1.62634018323229e-102	6.93905144845775e-101	5.1449639368559	1.13461920122773	0.40978190151373
Geitlerinema_sp_PCC_7407_PCC_7407	GCF_000317045.1	GATC	40940	37036.3009318529	4681111	970579	973810	1365855	1370867	0	1.72491225283128e-89	6.69808623121901e-88	8.74578705781598	1.10540196968725	0.584630870748418
Geitlerinema_sp_PCC_7407_PCC_7407	GCF_000317045.1	TTAA	5608	4374.04313507189	4681111	970579	973810	1365855	1370867	0	9.32170780071604e-72	2.55681128248211e-70	1.19800619981026	1.28210898402762	0.584630870748418
Gloeobacter_kilaueensis_JS1_JS1	GCF_000484535.1	AATT	10177	7486.63234383734	4724791	931715	932838	1431757	1428481	0	2.08999619796783e-191	1.90079654215179e-189	2.15395770945212	1.35935618748225	0.605368152792367
Gloeobacter_kilaueensis_JS1_JS1	GCF_000484535.1	CCGG	40610	36804.8193685976	4724791	931715	932838	1431757	1428481	0	1.05708196997501e-85	3.92825299810068e-84	8.59508917960604	1.10338810777181	0.605368152792367
Gloeobacter_kilaueensis_JS1_JS1	GCF_000484535.1	TCGA	38149	30978.779762169	4724791	931715	932838	1431757	1428481	0	0	0	8.07421957923641	1.23145586407465	0.605368152792367
Gloeobacter_morelensis_MG652769	GCF_021018745.1	AATT	12116	9422.13574007348	5102396	978934	972776	1575267	1575419	0	4.41607558349228e-156	2.50196019943431e-154	2.37457069188671	1.28590802916044	0.617491468713914
Gloeobacter_morelensis_MG652769	GCF_021018745.1	GCGC	59490	55116.2795925388	5102396	978934	972776	1575267	1575419	0	1.18167924764273e-76	3.58235392969587e-75	11.6592283311605	1.0793544201422	0.617491468713914
Gloeobacter_morelensis_MG652769	GCF_021018745.1	TCGA	39874	30134.5677447907	5102396	978934	972776	1575267	1575419	0	0	0	7.81475996767009	1.32319800760683	0.617491468713914
Gloeobacter_violaceus_PCC_7421_PCC_7421	GCF_000011385.1	AATT	11021	8502.74477716379	4659019	887941	882586	1444547	1443945	0	8.7477070377098e-151	4.72376180036329e-149	2.36551943660243	1.29616968271229	0.619978583474332
Gloeobacter_violaceus_PCC_7421_PCC_7421	GCF_000011385.1	GCGC	53692	49891.5896787024	4659019	887941	882586	1444547	1443945	0	2.38666118021411e-64	6.02065769256931e-63	11.5243144533216	1.07617336600762	0.619978583474332
Gloeobacter_violaceus_PCC_7421_PCC_7421	GCF_000011385.1	TCGA	36930	28038.5862647752	4659019	887941	882586	1444547	1443945	0	0	0	7.92656136409832	1.31711348251517	0.619978583474332
Gloeocapsa_sp_PCC_7428_PCC_7428	GCF_000317555.1	ATAT	24780	21570.5222822942	5882710	1669666	1662208	1275272	1275564	0	1.00836387391702e-101	4.24988481494783e-100	4.21234431070034	1.14878998643163	0.433615799520969
Gloeothece_citriformis_PCC_7424_PCC_7424	GCF_000021825.1	AATT	88187	84381.4030821345	6554169	2007565	2022606	1261085	1262913	0	1.90713568282623e-39	3.1386004380226e-38	13.4551001049866	1.04509994831635	0.385098095578555
Leptolyngbya_boryana_IAM_M-101_IAM_M-101	GCF_002142475.1	ATAT	18082	16275.3720438901	6803468	1804851	1800489	1602507	1595621	0	2.21714607095219e-44	4.09757049262607e-43	2.65776218834277	1.11100378849945	0.470073203842511
Leptolyngbya_boryana_IU_594_IU_594	GCF_022372495.1	ATAT	19102	17207.6810681549	7227162	1911589	1916736	1695879	1702958	0	4.42521373957881e-46	8.49641037999131e-45	2.64308451920685	1.11008566025499	0.470286538478036
Leptolyngbya_boryana_NIES-2135_NIES-2135	GCF_002368255.1	ATAT	19104	17214.6429962647	7233668	1913534	1918358	1697127	1704649	0	7.75368307145834e-46	1.48048224834033e-44	2.64098379964356	1.10975290072209	0.470269854795658
Leptolyngbya_boryana_dg5_dg5	GCF_002142495.1	ATAT	18082	16275.557237332	6803469	1804849	1800491	1602506	1595623	0	2.26353461977582e-44	4.16105087550279e-43	2.65776179769468	1.11099114680538	0.470073281733186
Leptolyngbya_sp_BL0902_BL0902	GCF_016403105.1	TTAA	7741	6099.90122626097	4710209	995278	999389	1355830	1359712	0	8.52137311169159e-91	3.38504200850645e-89	1.64345149015681	1.26903694221701	0.576522612903164
Leptolyngbya_sp_NIES-3755_NIES-3755	GCF_001548435.1	GATC	68691	64899.7562536393	6761657	1802088	1801838	1575323	1582407	1	6.14272193391706e-50	1.30240779163297e-48	10.1589003997097	1.05841691810897	0.467005419974042
Leptolyngbya_sp_PCC_7376	GCF_000316605.1	ATAT	24731	22885.7567398419	5125950	1447674	1429657	1129381	1119238	0	8.14210400632181e-34	1.20252613016445e-32	4.82466664715809	1.08062845730356	0.438673611720754
Microcoleus_vaginatus_HSN003_HSN003	GCF_022701255.1	AATT	68443	64770.2026539256	6756317	1828722	1834043	1548132	1545420	0	4.15620073958065e-47	8.20790271770898e-46	10.1302233154543	1.05670504638836	0.457875496368806
Microcoleus_vaginatus_HSN003_HSN003	GCF_022701255.1	ATAT	26296	21979.7845280821	6756317	1828722	1834043	1548132	1545420	0	3.24497415342119e-176	2.15665974504301e-174	3.89206131091836	1.19637205571344	0.457875496368806
Microcoleus_vaginatus_PCC_9802_PCC_9802	GCF_022701275.1	AATT	67213	63605.2177924013	6698371	1808279	1806646	1540014	1543432	0	2.55667150598786e-46	4.93623280709165e-45	10.0342307107206	1.05672148186606	0.460327742371989
Microcoleus_vaginatus_PCC_9802_PCC_9802	GCF_022701275.1	ATAT	25808	21346.3346565651	6698371	1808279	1806646	1540014	1543432	0	6.38557012947621e-193	6.30529439070565e-191	3.85287706518495	1.20901318260101	0.460327742371989
Microcystis_aeruginosa_NIES-88	GCF_019704275.1	AATT	63205	58658.653841589	5501105	1581960	1576324	1173676	1169145	0	8.01305702781256e-78	2.51755682619274e-76	11.4895098348423	1.07750512261479	0.425881891001899
Microcystis_aeruginosa_FACHB-905_DIANCHI905_DIANCHI905	GCF_021172085.1	AATT	60255	55822.3798974678	5103104	1479268	1476968	1073984	1072884	0	1.02576911523214e-77	3.16523041271631e-76	11.8075195018561	1.07940578869396	0.420698461171867
Microcystis_aeruginosa_FD4_FD4	GCF_009792235.1	AATT	62511	58842.3970318828	5493112	1582319	1572198	1170916	1167679	0	1.68605841020087e-51	3.59692460842852e-50	11.3798881217059	1.06234625292592	0.42573226251349
Microcystis_aeruginosa_NIES-2481_NIES-2481	GCF_001704955.2	AATT	50907	47108.3396580011	4440545	1271658	1265242	953186	950459	0	7.28017714666717e-68	1.87763374767774e-66	11.4641333439927	1.08063668491771	0.428696252374427
Microcystis_aeruginosa_NIES-2549_NIES-2549	GCF_000981785.2	AATT	49400	45648.2816875546	4301200	1230086	1225108	923544	922462	0	2.87038062993274e-68	7.45867327597559e-67	11.485166930159	1.08218750353243	0.429183948665489
Microcystis_aeruginosa_NIES-298_NIES-298	GCF_010196425.1	AATT	57608	53512.4012105885	5015081	1444948	1436040	1069456	1064637	0	1.72685649281994e-69	4.55573743449292e-68	11.4869530522039	1.07653550759746	0.425535101028279
Microcystis_aeruginosa_NIES-843_NIES-843	GCF_000010625.1	AATT	67363	62733.0457342613	5842795	1686154	1683349	1237551	1235741	0	1.259621336629e-75	3.72072764050412e-74	11.529242425928	1.07380407266294	0.423306311448545
Microcystis_aeruginosa_PCC_7806SL_PCC_7806SL	GCF_002095975.1	AATT	60661	56176.0555818214	5139339	1487367	1488999	1080922	1082051	0	5.18841922206042e-79	1.72385082370619e-77	11.8032688639531	1.07983729672238	0.420865990743168
Microcystis_panniformis_FACHB-1757_FACHB-1757	GCF_001264245.1	AATT	65640	60592.4193262087	5686839	1641384	1636816	1206395	1202244	0	2.80380584383851e-92	1.13999447015364e-90	11.5424403609809	1.08330383123699	0.423546191478254
Microcystis_sp_MC19_MC19	GCF_003019735.1	AATT	58216	53557.5320548002	5020243	1438559	1440528	1069973	1071183	0	6.62531633197385e-89	2.54412147147796e-87	11.5962514165151	1.08698063122911	0.426504454067263
Microcystis_viridis_NIES-102_NIES-102	GCF_003945305.1	AATT	67211	62664.5454012044	5874197	1694407	1689783	1245525	1244482	0	4.22421002966516e-73	1.21657248854357e-71	11.4417340787175	1.07255226332031	0.42388891622123
Nodularia_sphaerocarpa_UHCC_0038_UHCC_0038	GCF_022376295.1	ATAT	31725	26865.3658182296	5451672	1606096	1595895	1124055	1125620	6	8.01454928353915e-184	6.44146100556077e-182	5.81931561546623	1.18088844256395	0.412658258961572
Nodularia_spumigena_UHCC_0039_UHCC_0039	GCF_003054475.1	AATT	63718	60404.5905710401	5386612	1581690	1583862	1110457	1110603	0	1.84443733612134e-41	3.20320373549515e-40	11.8289566800059	1.05485360297349	0.412329679583382
Nodularia_spumigena_UHCC_0039_UHCC_0039	GCF_003054475.1	ATAT	31145	26730.6980964731	5386612	1581690	1583862	1110457	1110603	0	1.495079889937e-153	8.20158111051155e-152	5.78192748985819	1.16513979124658	0.412329679583382
Nostoc_cf_commune_SO-36_SO-36	GCF_023734775.1	ATAT	39106	34106.1351899429	7408262	2170515	2174046	1533685	1530016	0	3.56358282141889e-155	1.98641003722963e-153	5.27870099626606	1.14659722604781	0.413551923514584
Nostoc_edaphicum_CCNP1411_CCNP1411	GCF_014023275.1	ATAT	43680	37788.0944871475	8316316	2428205	2429312	1727952	1730847	0	2.40752491403539e-193	2.44717826556068e-191	5.25232566920257	1.15591962476056	0.415905191673813
Nostoc_flagelliforme_CCNUN1_CCNUN1	GCF_002813575.1	ATAT	51349	45516.1023509065	10231233	2972783	2974654	2139123	2144673	0	4.67133864078418e-159	2.69069105709168e-157	5.01884767945369	1.12815020065041	0.418697922332528
Nostoc_punctiforme_PCC_73102_ATCC_29133_PCC_73102	GCF_000020025.1	ATAT	48115	42187.9162214316	9059191	2658118	2654688	1873338	1873047	0	2.62934298936742e-176	1.7817665433831e-174	5.31118065619767	1.14049245161716	0.41354520508509
Nostoc_sp_Lobaria_pulmonaria_5183_cyanobiont_5183	GCF_002949795.1	ATAT	38230	33413.9026010466	7339908	2146883	2138779	1528860	1525385	1	3.49630862103143e-147	1.80346904392308e-145	5.20851215028853	1.14413453754434	0.416114945325602
Nostoc_sp_Peltigera_membranacea_cyanobiont_N6_N6	GCF_002949735.1	ATAT	47890	41783.0896741927	8898590	2606437	2609313	1839855	1842985	0	1.68995494832743e-188	1.49756007728708e-186	5.38175149096655	1.14615746162925	0.41386781501339
Nostoc_sp_ATCC_53789_ATCC_53789	GCF_009873495.1	ATAT	45854	40013.1935922957	8653730	2530171	2539914	1794144	1789501	0	3.70187775699975e-180	2.78123685395459e-178	5.29875556551915	1.14597201281202	0.414115647241132
Nostoc_sp_C052_C052	GCF_013393905.1	ATAT	52216	45274.7377684457	9879831	2895458	2884259	2047979	2052135	0	8.83292980517777e-224	1.2719418919456e-221	5.2851106461234	1.15331424484566	0.414998394203302
Nostoc_sp_C057_C057	GCF_013393925.1	ATAT	48562	42577.4202179519	9234448	2697407	2709551	1914903	1912587	0	4.60122519432349e-178	3.24527230032285e-176	5.25878753120923	1.14055759488041	0.414479566076933
Nostoc_sp_CENA543_CENA543	GCF_002896875.1	ATAT	40385	33973.3162395405	7207640	2131734	2132207	1471824	1471875	0	1.65016701213674e-251	2.85148859697229e-249	5.60308228490879	1.18872705023118	0.408413711006654
Nostoc_sp_MS1_MS1	GCF_019976755.1	AATT	88074	84121.4685559734	7901148	2348344	2350022	1604127	1598655	0	2.12755386420619e-42	3.80975448429874e-41	11.1469877541846	1.0469860014557	0.40535653806257
Nostoc_sp_MS1_MS1	GCF_019976755.1	ATAT	46245	40266.5365661472	7901148	2348344	2350022	1604127	1598655	0	2.0354320933356e-187	1.75861332864196e-185	5.8529469388499	1.14847225372939	0.40535653806257
Nostoc_sp_NIES-3756_NIES-3756	GCF_001548375.1	AATT	78444	74813.2304650735	6987571	2076063	2076101	1418054	1417353	0	2.5779837900666e-40	4.3461034041318e-39	11.2262186674024	1.04853111558418	0.405778631802095
Nostoc_sp_NIES-3756_NIES-3756	GCF_001548375.1	ATAT	40356	34980.6555055401	6987571	2076063	2076101	1418054	1417353	0	2.78262228112843e-174	1.8144797365245e-172	5.77539748791104	1.15366620255611	0.405778631802095
Nostoc_sp_PCC_7107_PCC_7107	GCF_000316625.1	AATT	77960	73837.6266605349	6329823	1884265	1890982	1275594	1278982	0	5.82488602826044e-52	1.25817538210426e-50	12.3163001556284	1.05583025248655	0.403577793565476
Nostoc_sp_PCC_7107_PCC_7107	GCF_000316625.1	ATAT	36429	31098.2729660574	6329823	1884265	1890982	1275594	1278982	0	1.60936758434933e-191	1.50323631662467e-189	5.75513722895569	1.17141553293847	0.403577793565476
Nostoc_sp_PCC_7120_FACHB-418_PCC_7120	GCF_000009705.1	ATAT	41034	35244.9171743772	7211789	2118832	2116772	1487984	1488201	0	1.28402352270687e-199	1.47919509815831e-197	5.68985032701317	1.16425298425248	0.412683316164685
Nostoc_sp_PCC_7524_PCC_7524	GCF_000316645.1	ATAT	36411	30954.8563963111	6718869	1965913	1962539	1395516	1394901	0	4.31768443055719e-201	5.14548875586401e-199	5.41921564477593	1.17626131208088	0.415310523244314
Nostoc_sp_TCL240-02	GCF_013343235.1	ATAT	42161	36880.6921743459	7887247	2316981	2313899	1625830	1630537	0	3.74223971634561e-160	2.22985869994663e-158	5.34546464691673	1.14317268777637	0.412864843715431
Nostoc_sp_TCL26-01_TCL26-01	GCF_013393945.1	ATAT	40106	34405.6011138085	7387676	2177561	2177055	1515408	1517652	0	3.73054123148784e-198	3.90689408970363e-196	5.42877083402142	1.16568229304686	0.410556716347604
Nostoc_sp_UHCC_0702_UHCC_0702	GCF_017164015.1	AATT	94416	89026.4212912464	8587404	2506095	2506759	1787666	1786884	0	1.40673880641696e-72	3.92071718949758e-71	10.994708063112	1.06053909199744	0.416255017232216
Nostoc_sp_UHCC_0702_UHCC_0702	GCF_017164015.1	ATAT	45498	39603.1059098229	8587404	2506095	2506759	1787666	1786884	0	3.51893481565011e-185	2.96620456655775e-183	5.29822516793201	1.148849287316	0.416255017232216
Nostoc_sp_UHCC_0870_UHCC_0870	GCF_022063185.1	ATAT	40907	34260.1234365796	7172241	2112980	2120238	1465535	1473488	0	1.75862771239653e-267	3.57518669061319e-265	5.70351721309978	1.19401204364382	0.409777501899337
Nostoc_sphaeroides_Kutzing_En	GCF_003443655.1	ATAT	34635	30135.6614683523	6684490	1955963	1947309	1389673	1391545	0	2.78957639436316e-142	1.41776117925281e-140	5.18139753369367	1.14930279650151	0.416070335956819
Nostoc_sphaeroides_CCNUC1	GCF_009372195.1	ATAT	49900	43757.7596678346	9516388	2789938	2792309	1969009	1965132	0	1.85150296278681e-182	1.45427141804346e-180	5.24358611691747	1.14036916832103	0.413406956504926
Oscillatoria_acuminata_PCC_6304_PCC_6304	GCF_000317105.1	ATAT	28932	26623.9670590185	7804270	2038820	2049663	1857369	1858418	0	1.18296790257193e-44	2.1980306834885e-43	3.70720131415238	1.08669004644819	0.476122302278112
Oscillatoria_nigro-viridis_PCC_7112_PCC_7112	GCF_000317475.1	AATT	82941	79128.1609010784	8272254	2250195	2234651	1890595	1896813	0	6.60715601265978e-42	1.1770273803996e-40	10.0264087635607	1.04818561502634	0.457844742194812
Oscillatoria_nigro-viridis_PCC_7112_PCC_7112	GCF_000317475.1	ATAT	32020	26953.762858424	8272254	2250195	2234651	1890595	1896813	0	3.57291470886987e-198	3.85874788557946e-196	3.87077089267327	1.18796029215611	0.457844742194812
Oxynema_aestuarii_AP17_AP17	GCF_012295525.1	AATT	46715	42040.3282412829	6357750	1537227	1549300	1634511	1636712	0	4.02391661779094e-112	1.76033618115006e-110	7.34772521725453	1.1111949395801	0.514525264441037
Oxynema_aestuarii_AP17_AP17	GCF_012295525.1	ATAT	17549	15415.8116734793	6357750	1537227	1549300	1634511	1636712	0	8.04589748004079e-64	2.01497258630587e-62	2.76025323424167	1.13837664676395	0.514525264441037
Oxynema_aestuarii_AP17_AP17	GCF_012295525.1	GATC	63898	53294.4581020655	6357750	1537227	1549300	1634511	1636712	0	0	0	10.0504109158114	1.198961435683	0.514525264441037
Oxynema_aestuarii_AP17_AP17	GCF_012295525.1	TGCA	18330	16037.3043808097	6357750	1537227	1549300	1634511	1636712	0	1.53276558386753e-70	4.10638593631488e-69	2.88309543470567	1.14296016118106	0.514525264441037
Parasynechococcus_marenigrum_WH_8102_WH_8102	GCF_000195975.1	TATA	1146	754.663288866539	2434428	491716	496355	722963	723394	0	3.60671187910792e-40	6.05087196805678e-39	0.470747132385924	1.51855803363806	0.594126012352799
Parasynechococcus_marenigrum_WH_8102_WH_8102	GCF_000195975.1	TCGA	11975	10257.8529416441	2434428	491716	496355	722963	723394	0	8.67213398803799e-62	2.12559539451484e-60	4.91901999155448	1.16739829164296	0.594126012352799
Planktothrix_agardhii_NIVA-CYA126-8	GCF_904830765.1	ATAT	32143	28811.2361417389	5099909	1534612	1546134	1012582	1006581	0	1.73887943331302e-83	6.19543022838122e-82	6.30266147886168	1.11564112840804	0.395921378204984
Planktothrix_agardhii_No2A	GCF_904830775.1	ATAT	30339	27192.5932622518	4794075	1442863	1449959	950353	950900	0	5.23739399563513e-79	1.72385082370619e-77	6.32843666400713	1.11570822640575	0.396583908261761
Planktothrix_agardhii_No365	GCF_904830845.1	ATAT	31322	28196.4674055697	4974996	1503030	1502951	982843	986172	0	2.11385088070682e-75	6.13904928043929e-74	6.29588445900258	1.11084837506322	0.395782227764605
Planktothrix_agardhii_No66	GCF_904830855.1	ATAT	31101	27900.8413928944	4947677	1489192	1495029	981066	982390	0	1.16809441742151e-79	3.99696466000865e-78	6.28598026912428	1.114697566358	0.396844013867518
Planktothrix_agardhii_PCC7805	GCF_904830915.1	ATAT	30980	27800.1989943075	4903948	1477538	1482423	970645	973342	0	5.79873775399435e-79	1.89060732809476e-77	6.31735899320303	1.11438051239646	0.396412645484822
Planktothrix_agardhii_No976	GCF_904830935.1	ATAT	30869	27676.942362178	4904228	1474652	1483626	971879	974071	0	7.08828232375063e-80	2.44971037108822e-78	6.29436478075652	1.11533274145861	0.39679027973414
Planktothrix_pseudagardhii_No713	GCF_904830925.1	ATAT	37207	34142.0740515756	6654737	2015397	2017187	1311278	1310875	0	1.13579842575683e-60	2.74497857301791e-59	5.59105491321445	1.08976976453728	0.39402804348241
Pleurocapsa_sp_PCC_7327_PCC_7327	GCF_000317025.1	AATT	46407	43574.2351023707	4986817	1368246	1364862	1126953	1126756	0	9.44767865530918e-42	1.66587639963003e-40	9.30593603093917	1.06501008889712	0.451933367516795
Pseudanabaena_sp_ABRG5-3_ABRG5-3	GCF_003967015.1	ATAT	32291	26985.2438696546	5657972	1633547	1637249	1195328	1191848	0	1.13363286112777e-216	1.56713406722303e-214	5.70716857559564	1.19661694205817	0.421913717494537
Pseudanabaena_sp_ABRG5-3_ABRG5-3	GCF_003967015.1	GATC	39504	35958.6179870204	5657972	1633547	1637249	1195328	1191848	0	2.15675134911118e-76	6.48150666306803e-75	6.98200698059305	1.09859617002687	0.421913717494537
Pseudanabaena_sp_PCC_7367_PCC_7367	GCF_000317065.1	ATAT	25229	20502.9796634011	4885680	1314560	1312767	1130783	1127570	0	8.09450949854681e-224	1.21628803595556e-221	5.16386664701741	1.23050407375837	0.462239237936173
Pseudanabaena_sp_PCC_7367_PCC_7367	GCF_000317065.1	GATC	53544	38956.3944065816	4885680	1314560	1312767	1130783	1127570	0	0	0	10.9593751535098	1.37445984967628	0.462239237936173
Richelia_sinica_FACHB-800_FACHB_800	GCF_019056575.1	ATAT	35698	31139.2143324648	5729487	1727184	1725871	1136223	1140209	0	1.24485327296626e-141	6.23509117590055e-140	6.23057526790793	1.14640015059026	0.397318643012891
Rivularia_sp_PCC_7116_PCC_7116	GCF_000316665.1	ATAT	64217	57043.5793823737	8728773	2727467	2725256	1639774	1636276	0	5.06488875427528e-192	4.86229320410427e-190	7.35693321386637	1.12575333973245	0.375316209964447
Stanieria_cyanosphaera_PCC_7437_PCC_7437	GCF_000317575.1	ATAT	28895	26218.1532865734	5544990	1767264	1769151	1002535	1006040	0	4.95135273572611e-60	1.18012931411513e-58	5.21101029938738	1.10209898020535	0.362232393566084
Stanieria_sp_NIES-3757_NIES-3757	GCF_002355455.1	AATT	87666	84177.5711681284	5463308	1733122	1735747	998867	995572	0	1.16190512887473e-33	1.70874218101747e-32	16.0463221183942	1.04144131011934	0.365060692166724
Stanieria_sp_NIES-3757_NIES-3757	GCF_002355455.1	ATAT	27867	25555.5621999208	5463308	1733122	1735747	998867	995572	0	1.4307072588203e-46	2.7778226328556e-45	5.10075580582314	1.09044754257397	0.365060692166724
Synechococcus_elongatus_PCC_6301_PCC_6301	GCF_022984195.1	GATC	28556	25529.4057473679	2749599	613457	611833	762623	761686	0	4.05265092914505e-78	1.30896837487152e-76	10.3855143968266	1.11855325903715	0.554375019775611
Synechococcus_elongatus_PCC_6301_PCC_6301	GCF_000010065.1	GATC	28006	25034.4741254405	2696255	599382	600874	748052	747947	0	7.98707841955381e-77	2.44277371840513e-75	10.3869997459439	1.11869735548149	0.55484329189932
Synechococcus_elongatus_UTEX_2973_UTEX_2973	GCF_000817325.1	GATC	28496	25476.5157156375	2744626	610686	612439	760195	761306	0	6.40704829266521e-78	2.03144577059183e-76	10.382471054344	1.11852029995252	0.554356404114805
Synechococcus_elongatus_UTEX_3055_UTEX_3055	GCF_003957805.1	GATC	29613	26486.6216596775	2881223	645838	647167	795825	792393	0	2.76084247908531e-80	9.6378501088069e-79	10.2779271163669	1.11803613086232	0.551230501769561
Synechococcus_sp_A10-1-5-1_A10-1-5-1	GCF_023115425.1	TCGA	12911	10322.9644316805	2404104	459120	457102	742747	745135	0	1.69743897227851e-133	7.82179878425935e-132	5.37039994941983	1.25070662457937	0.618892527111972
Synechococcus_sp_A10-1-5-1_A10-1-5-1	GCF_023115425.1	TTAA	1653	1164.57073723259	2404104	459120	457102	742747	745135	0	1.53747425490094e-41	2.68359142673618e-40	0.687574248035859	1.4194071232874	0.618892527111972
Synechococcus_sp_A15-127_A15-127	GCF_014280215.1	AATT	3926	3109.84010233764	2543463	495399	506253	770716	771095	0	3.32248755540415e-45	6.24049836493302e-44	1.54356481694446	1.26244432858424	0.606185739678541
Synechococcus_sp_A15-127_A15-127	GCF_014280215.1	TCGA	14742	12625.6137279999	2543463	495399	506253	770716	771095	0	8.19835099189904e-76	2.44254319206923e-74	5.79603477620866	1.16762640752319	0.606185739678541
Synechococcus_sp_A15-44_A15-44	GCF_014280115.1	AATT	4198	3402.46668236759	2621965	514199	513918	797848	796000	0	7.7815779588116e-40	1.28675279548579e-38	1.60108925939133	1.2338107590458	0.607883019033435
Synechococcus_sp_A15-44_A15-44	GCF_014280115.1	TCGA	13231	11091.9905694127	2621965	514199	513918	797848	796000	0	4.33546810811843e-87	1.64652503095135e-85	5.04621533849613	1.19284270187587	0.607883019033435
Synechococcus_sp_A15-60_A15-60	GCF_014280095.1	TCGA	13493	12021.4131016538	2543402	529242	533366	739163	741631	0	4.97462834229687e-40	8.30546644974782e-39	5.30509923323171	1.1224138032611	0.582209969167281
Synechococcus_sp_A15-62_A15-62	GCF_014280075.1	AATT	4354	3568.92692908298	2294140	459922	459747	686884	687587	0	2.79203640945672e-37	4.38603537776473e-36	1.89787894374362	1.21997454319378	0.59912254701108
Synechococcus_sp_A15-62_A15-62	GCF_014280075.1	TCGA	11484	9690.69376680567	2294140	459922	459747	686884	687587	0	1.20695340628391e-70	3.25877419696655e-69	5.00579737941015	1.18505447353389	0.59912254701108
Synechococcus_sp_A18-25c_A18-25c	GCF_014280035.1	TCGA	13307	11873.1850100232	2511360	525081	525802	729280	731197	0	1.42541676869264e-38	2.3127888979351e-37	5.29872260448522	1.12076077217414	0.581548244775739
Synechococcus_sp_BMK-MC-1_BMK-MC-1	GCF_014279955.1	TCGA	13540	11753.7097528447	2601150	513644	517512	784619	785375	0	9.39673217681301e-59	2.17953734248763e-57	5.2053899236876	1.1519767192416	0.603576879457163
Synechococcus_sp_CB0101_CB0101	GCF_000179235.2	AATT	2857	2232.84553710956	2789647	508762	493841	899563	887458	21	5.26222177352502e-37	8.11885645058147e-36	1.02414391498279	1.27953320214815	0.640595650166474
Synechococcus_sp_CB0101_CB0101	GCF_000179235.2	TCGA	13891	10607.9624042936	2789647	508762	493841	899563	887458	21	2.88473381843603e-204	3.83447695250574e-202	4.97948306721245	1.30948804969158	0.640595650166474
Synechococcus_sp_CBW1002_CBW1002	GCF_015840915.1	GATC	40693	38124.0203030056	3854122	681942	680987	1244917	1246276	0	2.19991840349377e-39	3.60327867415852e-38	10.5583061459912	1.06738480560488	0.646371080105923
Synechococcus_sp_CBW1002_CBW1002	GCF_015840915.1	TCGA	20010	16197.4596932657	3854122	681942	680987	1244917	1246276	0	1.54902784422227e-184	1.2746286261029e-182	5.1918439530456	1.23537890378696	0.646371080105923
Synechococcus_sp_CBW1002_CBW1002	GCF_015840915.1	TTAA	1408	986.968957361183	3854122	681942	680987	1244917	1246276	0	1.369964637861e-36	2.10426568375449e-35	0.365323152718051	1.42658995452553	0.646371080105923
Synechococcus_sp_CBW1004_CBW1004	GCF_015840715.1	TCGA	21189	16477.7306497332	3672318	595492	614278	1224725	1237823	0	5.4147146132741e-272	1.24755024689835e-269	5.76992515354062	1.28591736631786	0.670570468025917
Synechococcus_sp_CBW1006_CBW1006	GCF_015840525.1	GATC	40258	37836.6243359055	3860130	683558	684133	1244386	1248053	0	1.69241530231633e-35	2.56534530035317e-34	10.4291824368609	1.06399555210312	0.645687839528721
Synechococcus_sp_CBW1006_CBW1006	GCF_015840525.1	TCGA	20362	16373.8500048632	3860130	683558	684133	1244386	1248053	0	4.19921602046142e-199	4.68144856990795e-197	5.27495187985897	1.24356825022535	0.645687839528721
Synechococcus_sp_CBW1107_CBW1107	GCF_015841355.1	AATT	2225	1535.56168736248	3202093	537927	542299	1061651	1060216	0	2.86422502493985e-61	6.97095893393812e-60	0.694858019426669	1.44898118930131	0.662650022969352
Synechococcus_sp_CBW1107_CBW1107	GCF_015841355.1	GATC	32420	30261.744511655	3202093	537927	542299	1061651	1060216	0	3.47876013909847e-35	5.22721523509752e-34	10.1246278605899	1.07131959915641	0.662650022969352
Synechococcus_sp_CBW1107_CBW1107	GCF_015841355.1	GGCC	50222	47442.7174865332	3202093	537927	542299	1061651	1060216	0	1.93122657860355e-37	3.04763427198806e-36	15.6841166074814	1.05858185746328	0.662650022969352
Synechococcus_sp_CBW1107_CBW1107	GCF_015841355.1	TCGA	18976	13725.0233203872	3202093	537927	542299	1061651	1060216	0	0	0	5.92612394455751	1.38258417177427	0.662650022969352
Synechococcus_sp_CBW1108_CBW1108	GCF_015840335.1	AATT	5070	4053.26375694312	3226220	589878	581456	1027471	1027415	0	1.31187309483292e-53	2.86951482009023e-52	1.57149853388796	1.25084383944056	0.636933005188735
Synechococcus_sp_CBW1108_CBW1108	GCF_015840335.1	GATC	26096	24080.1376033906	3226220	589878	581456	1027471	1027415	0	3.64512580695091e-38	5.85932780875458e-37	8.0887230257081	1.08371473742432	0.636933005188735
Synechococcus_sp_CBW1108_CBW1108	GCF_015840335.1	GGCC	50649	47980.598636457	3226220	589878	581456	1027471	1027415	0	2.45964124161792e-34	3.66401729785842e-33	15.6991773654617	1.055614174049	0.636933005188735
Synechococcus_sp_CBW1108_CBW1108	GCF_015840335.1	TCGA	15113	11499.3048877319	3226220	589878	581456	1027471	1027415	0	1.14816124661279e-227	1.80365694013355e-225	4.68442945614372	1.31425335248945	0.636933005188735
Synechococcus_sp_CC9605_CC9605	GCF_000012625.1	TCGA	12558	10660.4962308973	2510659	512396	511510	742452	744301	0	5.2268016839885e-72	1.44510612958914e-70	5.00187400997109	1.17799394399701	0.592176396714966
Synechococcus_sp_JA-2-3Ba2-13_JA-2-3Ba2-13	GCF_000013225.1	GATC	27187	24188.3692171207	3046682	634896	630988	891491	889305	0	1.29750764146486e-80	4.57570041724752e-79	8.9234780656465	1.12396994423075	0.584503787729594
Synechococcus_sp_JA-2-3Ba2-13_JA-2-3Ba2-13	GCF_000013225.1	TTAA	3350	2629.93967364029	3046682	634896	630988	891491	889305	0	1.26842590286088e-41	2.22521823364832e-40	1.09955682936388	1.27379347654885	0.584503787729594
Synechococcus_sp_JA-3-3Ab_JA-3-3Ab	GCF_000013205.1	AATT	5026	4008.20009683177	2932766	583006	583140	882286	884334	0	2.94771898918555e-54	6.48873683224538e-53	1.71374054390974	1.25392941434554	0.602373322658541
Synechococcus_sp_JA-3-3Ab_JA-3-3Ab	GCF_000013205.1	GATC	25416	22748.2669591529	2932766	583006	583140	882286	884334	0	2.62266492208437e-68	6.86661361418453e-67	8.66622158058297	1.11727192430251	0.602373322658541
Synechococcus_sp_JA-3-3Ab_JA-3-3Ab	GCF_000013205.1	TCGA	8917	7477.56185442489	2932766	583006	583140	882286	884334	0	4.16240731226073e-59	9.85293128162539e-58	3.04047441902968	1.19250100147594	0.602373322658541
Synechococcus_sp_JA-3-3Ab_JA-3-3Ab	GCF_000013205.1	TTAA	3035	2303.75111215006	2932766	583006	583140	882286	884334	0	4.5077196222613e-48	9.00501677140754e-47	1.03485924209432	1.31741661848509	0.602373322658541
Synechococcus_sp_KORDI-100_KORDI-100	GCF_000737535.1	TCGA	16096	14606.16212158	2789000	588881	596497	800083	803539	0	2.64801021260926e-34	3.92769240119211e-33	5.7712441735389	1.10200063959436	0.574980996773037
Synechococcus_sp_KORDI-49_KORDI-49	GCF_000737575.1	AATT	3439	2687.3778165779	2585813	495468	503489	795592	791264	0	3.46761465847983e-44	6.34078108979169e-43	1.32994922680024	1.27968608611171	0.613677787218179
Synechococcus_sp_KORDI-49_KORDI-49	GCF_000737575.1	TCGA	15040	12853.8817550098	2585813	495468	503489	795592	791264	0	2.70312999606265e-79	9.06991967610925e-78	5.81635253593357	1.17007455698262	0.613677787218179
Synechococcus_sp_KORDI-52_KORDI-52	GCF_000737595.1	TCGA	12893	11132.1788325124	2572069	528371	523984	760568	759146	0	4.21006439375819e-60	1.01041545450196e-58	5.01269600465617	1.15817399216989	0.590852733733037
Synechococcus_sp_LTW-R_LTW-R	GCF_014217875.1	TCGA	13356	10575.3413513928	2415533	452903	451408	751571	759651	0	1.22011443687398e-149	6.38896286944919e-148	5.52921446322613	1.26293795691436	0.625626725033357
Synechococcus_sp_M161_M161	GCF_014279895.1	TCGA	10638	8815.85457013654	2112236	408113	408039	646320	649764	0	2.20331692315018e-79	7.46535616314413e-78	5.03636904209568	1.20668959717597	0.61360757036619
Synechococcus_sp_MEDNS5_MEDNS5	GCF_014279875.1	TCGA	12444	11076.8217687174	2435869	496319	500268	720638	718644	0	1.31761898575384e-37	2.08884918108499e-36	5.10864911044067	1.12342694139431	0.590870034472297
Synechococcus_sp_Minos11_MINOS11	GCF_014279855.1	TCGA	9591	7495.25984565646	2284343	451372	451826	692085	689060	0	1.099567919923e-119	4.87193170673577e-118	4.19858138642052	1.27960873905633	0.604613667912393
Synechococcus_sp_NB0720_010_NB0720_010	GCF_023078835.1	GGCC	30133	28033.4837867747	2410448	444796	444367	760438	760847	0	6.15349056207e-36	9.40993954978491e-35	12.500995665536	1.07489316094976	0.631121268743404
Synechococcus_sp_NB0720_010_NB0720_010	GCF_023078835.1	TCGA	12889	10073.8957648934	2410448	444796	444367	760438	760847	0	4.66402702895412e-160	2.73201312068906e-158	5.34713878913795	1.27944544005677	0.631121268743404
Synechococcus_sp_NB0720_010_NB0720_010	GCF_023078835.1	TTAA	1348	911.066684606888	2410448	444796	444367	760438	760847	0	8.22997327884386e-42	1.45860449495817e-40	0.559232142738611	1.47958434083411	0.631121268743404
Synechococcus_sp_NIES-970_NIES-970	GCF_002356215.1	ATAT	10054	8864.15610000504	3123859	794091	785833	771315	772620	0	1.57974459752017e-35	2.40510895551969e-34	3.21845512233427	1.13423092808511	0.494239656783485
Synechococcus_sp_NIES-970_NIES-970	GCF_002356215.1	GATC	21376	19186.4971676793	3123859	794091	785833	771315	772620	0	6.08988158784212e-55	1.35784714629564e-53	6.84281844987242	1.11411686110214	0.494239656783485
Synechococcus_sp_NOUM97013_NOUM97013	GCF_014279815.1	TCGA	13325	11789.3294595007	2552712	525575	525688	749993	751456	0	4.04799586576951e-44	7.36309142742076e-43	5.21993863780951	1.13025936256805	0.58817798482555
Synechococcus_sp_PCC_7002_PCC_7002_ATCC_27264	GCF_000019485.1	ATAT	10618	9175.07021410869	3409935	865799	866890	838600	838646	0	2.75895565022142e-49	5.77875801646377e-48	3.11384234596847	1.15726634807355	0.491870372895671
Synechococcus_sp_PCC_7002_PCC_7002_ATCC_27264	GCF_000019485.1	GATC	22882	20314.3103471319	3409935	865799	866890	838600	838646	0	1.84340300325945e-70	4.90061598404974e-69	6.71039184031367	1.12639807155602	0.491870372895671
Synechococcus_sp_PCC_7003_PCC_7003	GCF_001693255.1	ATAT	10453	9150.62490227233	3345085	848666	848580	824647	823192	0	8.24027112049089e-41	1.40982064318894e-39	3.12488322419311	1.14232635602889	0.492614985867325
Synechococcus_sp_PCC_7003_PCC_7003	GCF_001693255.1	GATC	22541	19949.0653192059	3345085	848666	848580	824647	823192	0	5.90587092788424e-73	1.68683387824528e-71	6.73854326571672	1.12992762514536	0.492614985867325
Synechococcus_sp_PCC_7117_PCC_7117	GCF_001693275.1	ATAT	10705	9318.5960338412	3432101	874421	871614	843306	842760	0	4.25101930568676e-45	7.94136363267753e-44	3.11908070304458	1.14877820233048	0.491263514680949
Synechococcus_sp_PCC_7117_PCC_7117	GCF_001693275.1	GATC	23032	20411.4337626413	3432101	874421	871614	843306	842760	0	6.39219923237113e-73	1.79605207699794e-71	6.71075822069339	1.12838717102544	0.491263514680949
Synechococcus_sp_PCC_73109_PCC_73109	GCF_001521855.1	ATAT	10123	8729.44408703606	3298676	835724	835233	813227	814492	0	2.53687124746384e-48	5.12715031066377e-47	3.06880700014188	1.15963856335749	0.493446158398097
Synechococcus_sp_PCC_73109_PCC_73109	GCF_001521855.1	GATC	22322	19743.7468510628	3298676	835724	835233	813227	814492	0	6.3230871243945e-73	1.7911958280252e-71	6.76695740957887	1.13058580868091	0.493446158398097
Synechococcus_sp_PCC_7502_PCC_7502	GCF_000317085.1	AATT	42470	39891.0706192384	3583735	1063040	1064941	729573	726181	0	4.39441825189467e-38	7.03106920303148e-37	11.85076463522	1.06464928969637	0.406211396769013
Synechococcus_sp_PCC_7502_PCC_7502	GCF_000317085.1	ATAT	21371	17931.3876002795	3583735	1063040	1064941	729573	726181	0	4.05167311784044e-138	1.97219468947276e-136	5.96333155213764	1.19182076013275	0.406211396769013
Synechococcus_sp_PCC_7502_PCC_7502	GCF_000317085.1	GATC	21600	18477.4958016771	3583735	1063040	1064941	729573	726181	0	1.13348380314243e-111	4.89665002957531e-110	6.02723136615849	1.16898957693388	0.406211396769013
Synechococcus_sp_PCC_8807_PCC_8807	GCF_001693295.1	ATAT	10158	8754.11234434853	3304088	836277	836562	814829	816420	0	7.21529382648042e-49	1.50217201592267e-47	3.07437332177593	1.1603689329573	0.493706281430761
Synechococcus_sp_PCC_8807_PCC_8807	GCF_001693295.1	GATC	22484	19807.3103320657	3304088	836277	836562	814829	816420	0	4.40382522635748e-78	1.40922407243439e-76	6.80490350135953	1.13513645331245	0.493706281430761
Synechococcus_sp_PROS-7-1_PROS-7-1	GCF_014279795.1	TCGA	13281	11875.6794262735	2565218	522188	522687	760908	759435	0	3.77938680778094e-37	5.91020851026738e-36	5.17733775453002	1.11833601457929	0.592675944110793
Synechococcus_sp_PROS-U-1_PROS-U-1	GCF_014279755.1	TCGA	13262	11655.9938056597	2576003	534992	537111	753790	750110	0	1.78200982054555e-48	3.64415736083161e-47	5.14828592979123	1.13778372064341	0.583811431896624
Synechococcus_sp_RCC307	GCF_000063525.1	TCGA	9455	7325.53032753647	2224914	436514	434684	677506	676209	1	6.39191067788373e-126	2.86888874061898e-124	4.24960245654439	1.29069153730194	0.608435026448225
Synechococcus_sp_RS9902_RS9902	GCF_014279635.1	AATT	4762	3896.41699768745	2481217	494100	504005	739112	744000	0	2.93720334230298e-41	5.07548737549955e-40	1.9192194797956	1.22214845146869	0.59773570792075
Synechococcus_sp_RS9902_RS9902	GCF_014279635.1	TCGA	12333	10465.7511293162	2481217	494100	504005	739112	744000	0	4.78950059743366e-71	1.30334756415203e-69	4.97054469641309	1.17841517991512	0.59773570792075
Synechococcus_sp_RS9907_RS9907	GCF_014279615.1	AATT	4443	3587.85549054898	2581635	513389	509992	779536	778718	0	2.08497681729488e-43	3.77260726731472e-42	1.72100238802154	1.23834418964298	0.603591909778106
Synechococcus_sp_RS9907_RS9907	GCF_014279615.1	TCGA	13013	10935.2615968052	2581635	513389	509992	779536	778718	0	1.63992325113756e-83	5.90372370409522e-82	5.0406041132848	1.19000353899186	0.603591909778106
Synechococcus_sp_RS9909_RS9909	GCF_014279595.1	TCGA	14123	11941.6513079813	2603169	463650	462039	835134	842346	0	1.76185269028908e-84	6.47762010387133e-83	5.42531045813775	1.18266725729638	0.644399191908017
Synechococcus_sp_RSCCF101_RSCCF101	GCF_008807075.1	GGCC	48952	45538.4211493816	2984853	477139	478569	1013477	1015668	0	2.09353268993657e-57	4.79155561352371e-56	16.4001376282182	1.07496041286589	0.679814047793978
Synechococcus_sp_RSCCF101_RSCCF101	GCF_008807075.1	TCGA	17177	13163.747682492	2984853	477139	478569	1013477	1015668	0	5.78412113468882e-246	9.51901078165931e-244	5.75472225935415	1.30487156198274	0.679814047793978
Synechococcus_sp_SynAce01_SynAce01	GCF_001885215.1	TCGA	15322	12222.4709156158	2750634	499845	492702	881077	877010	0	3.9284550354272e-161	2.38188431621691e-159	5.57035214426929	1.25359267416413	0.639157008893222
Synechococcus_sp_TAK9802_TAK9802	GCF_014279535.1	TCGA	10890	9194.64571510215	2190394	433260	426242	666933	663959	0	1.11526387541722e-66	2.85507552106808e-65	4.97170828627178	1.1843849493965	0.607603928790893
Synechococcus_sp_WH_7803	GCF_000063505.1	TCGA	12369	10697.781171473	2366980	468383	472822	713269	712506	0	1.63153553976729e-56	3.68535086629787e-55	5.22564618205477	1.15622107068179	0.602360391722786
Synechococcus_sp_WH_8101_WH_8101	GCF_004209775.1	TCGA	14075	12250.782018382	2630292	482972	481415	830120	835785	0	7.54609353123484e-59	1.76211481378024e-57	5.35111691021377	1.1489062476894	0.633353635261788
Synechococcus_sp_WH_8101_WH_8101	GCF_014304795.1	TCGA	14041	12215.558994257	2623023	481392	480077	828172	833382	0	4.43569956337387e-59	1.04284201979729e-57	5.35298394257313	1.14943573246228	0.633450030746966
Synechococcus_sp_WH_8109_WH_8109	GCF_000161795.2	TCGA	10426	8908.81289410863	2111515	419815	422973	633359	635368	0	1.04951656889326e-55	2.3552787416202e-54	4.93768692147581	1.17030182628425	0.600860993173148
Thermoleptolyngbya_sichuanensis_PKUAC-SCTA183_PKUAC-SCTA183	GCF_013177315.1	TTAA	9377	8150.98911305589	5525100	1203706	1206525	1559993	1554876	0	1.82900492986145e-40	3.09854952823587e-39	1.69716385223797	1.15041252907335	0.563766990642703
Thermoleptolyngbya_sp_PKUAC-SCTB121_PKUAC-SCTB121	GCF_016919485.1	TTAA	9398	8163.40772811026	5490383	1194410	1202985	1541055	1551932	0	6.17652615437267e-41	1.06199375072199e-39	1.71172029346587	1.15123491475729	0.563346411961864
Thermostichus_lividus_PCC_6715_PCC_6715	GCF_002754935.1	GATC	14729	13249.3794030459	2659739	618651	617734	712290	711064	0	5.20931241810314e-37	8.09609638174048e-36	5.53776141192801	1.11167470958028	0.535147997604276
Thermosynechococcus_elongatus_PKUAC-SCTE542_PKUAC-SCTE542	GCF_003555505.1	GATC	15942	14436.4043271512	2650294	617188	621084	704415	707607	0	2.31414224211312e-35	3.49243475490958e-34	6.01518171191573	1.10429159773651	0.532779382211936
Thermosynechococcus_sp_CL-1_CL-1	GCF_008386235.1	GATC	16230	14674.6930138461	2647823	615940	615885	709339	706659	0	5.22404367224574e-37	8.09609638174048e-36	6.12956379637159	1.10598565739579	0.534778193255365
Thermosynechococcus_sp_TA-1_TA-1	GCF_017086385.1	GATC	16344	14761.072318235	2658717	614256	619909	712402	712150	0	4.89356279335416e-38	7.7936189003834e-37	6.14732594706394	1.10723663211172	0.535804299592623
Tolypothrix_sp_PCC_7910_PCC_7910	GCF_011769525.1	AATT	108101	103478.617513414	8761534	2602021	2603489	1777600	1778424	0	5.35400120294511e-47	1.04539142132081e-45	12.3381362213512	1.04466992889605	0.405867739599025
Tolypothrix_sp_PCC_7910_PCC_7910	GCF_011769525.1	ATAT	51692	43238.0355194318	8761534	2602021	2603489	1777600	1778424	0	0	0	5.89988008949118	1.19552147499321	0.405867739599025
Trichormus_variabilis_0441_0441	GCF_009856605.1	ATAT	40006	34550.7574219319	7096012	2082473	2075635	1464722	1473182	0	2.21720022449261e-181	1.70280977241033e-179	5.63781459219629	1.15789067983225	0.414021847764632
Trichormus_variabilis_ATCC_29413_ATCC_29413	GCF_000204075.1	ATAT	39992	34556.397806766	7105752	2089422	2073856	1470375	1472099	0	4.27512299161313e-180	3.14357979979042e-178	5.62811648928924	1.15729655109392	0.414097480463714
Phormidium_sp_ETS-05_ETS-05	GCF_016446395.1	AATT	47889	44506.9864169	6286783	1585611	1588215	1556273	1556683	1	3.69382338241372e-57	8.39858790106698e-56	7.61740941273144	1.0759883752052	0.49515889051028
Phormidium_sp_ETS-05_ETS-05	GCF_016446395.1	ATAT	28392	24525.5791003162	6286783	1585611	1588215	1556273	1556683	1	6.5380887380548e-129	2.97310982614702e-127	4.51614124425799	1.15764850582606	0.49515889051028
