"spp"	"ID"	"palindrome"	"obs"	"markov3"	"genomesize"	"A"	"Th"	"C"	"G"	"N"	"pval"	"fdrs"	"frecObs"	"OE"	"GC"
Prochloron_didemni_P4-Papua_New_Guinea	GCF_000252485.1	CGATCG	1358	425.132040999327	5686559	1632644	1671324	1198266	1184301	24	2.2960241011242e-282	7.95408349318026e-282	0.238808741806776	3.19430169696889	0.418983968268902
Thermosynechococcus_elongatus_BP1	GCF_000011345.1	CGATCG	1152	647.139662807877	2593857	598906	596397	698712	699842	0	1.38198628713751e-71	3.11750395005439e-71	0.444126256767432	1.78014123721236	0.53917929939854
Mastigocladopsis_repens_PCC_10914	GCF_000315565.1	CGATCG	567	302.59937176768	6465655	1825333	1824966	1403459	1410188	1709	5.61669730261096e-42	1.13504091323597e-41	0.0876941315303709	1.87376463040152	0.435283184605812
Fischerella_thermalis_PCC_7521	GCF_000317225.1	CGATCG	1002	343.615118880638	5438272	1606402	1601345	1112502	1118022	1	2.97207773147297e-182	8.47916293979052e-182	0.184249702846787	2.91605329609511	0.41015315345631
Nostoc_PCC_7524	GCF_000316645.1	CGATCG	847	278.911315552657	6718869	1965913	1962539	1395516	1394901	0	2.5700732198918e-164	7.12277435227156e-164	0.126062883500184	3.03680758997421	0.415310523244314
Cyanobacterium_stanieri_PCC_7202	GCF_000317655.1	CGATCG	605	210.780959902457	3163381	972419	967850	612211	610901	0	3.53089009957662e-108	8.7819574271521e-108	0.191251069662491	2.87027822759691	0.386647071598394
Geminocystis_herdmanii_PCC_6308	GCF_000332235.1	CGATCG	7695	875.661170750829	4263418	1402199	1398894	730751	730574	1000	0	0	1.80488987943476	8.78764556089884	0.342839439961074
Geitlerinema_PCC_7407	GCF_000317045.1	CGATCG	4825	2756.16171338262	4681111	970579	973810	1365855	1370867	0	1.01993545765888e-277	3.41150825492796e-277	1.03073821577826	1.75062296837376	0.584630870748418
Crinalium_epipsammum_PCC_9333	GCF_000317495.1	CGATCG	926	389.319704424826	5620407	1682950	1680154	1135868	1121435	0	9.16185100428591e-118	2.46860985393259e-117	0.164756751601797	2.37850791900722	0.401626252333683
Pseudanabaena_PCC_7367	GCF_000317065.1	CGATCG	16216	5143.74070620756	4885680	1314560	1312767	1130783	1127570	0	0	0	3.31908761932832	3.15256948711086	0.462239237936173
Synechococcus_elongatus_PCC_6301	GCF_022984195.1	CGATCG	5799	2581.0612968142	2749599	613457	611833	762623	761686	0	0	0	2.10903480834842	2.2467502058776	0.554375019775611
Microchaete_PCC_7126	GCF_000332295.1	CGATCG	1011	319.740482255809	5742264	1653363	1665362	1207597	1215742	200	1.00562701816596e-207	2.95593396248781e-207	0.17606296053264	3.16193931049102	0.422032739447
Gloeocapsa_PCC_7428	GCF_000317555.1	CGATCG	3190	1442.66232412651	5882710	1669666	1662208	1275272	1275564	0	0	0	0.542267084387978	2.2111896503095	0.433615799520969
Nostoc_PCC_7107	GCF_000316625.1	CGATCG	1106	268.814723017239	6329823	1884265	1890982	1275594	1278982	0	2.2008549446515e-318	8.21088190889213e-318	0.174728424475692	4.1143579770706	0.403577793565476
Synechocystis_PCC_6803	GCF_000009725.1	CGATCG	2119	565.09058482521	3947019	1037565	1039901	933284	936269	0	0	0	0.536860856256329	3.74984127660777	0.473662021895512
Anabaena_cylindrica_PCC_7122	GCF_000317695.1	CGATCG	492	214.793504691657	7063285	2165259	2158136	1369757	1370133	0	6.27014382671139e-59	1.35156433598001e-58	0.06965597452177	2.29057205759681	0.387905910635066
Stanieria_cyanosphaera_PCC_7437	GCF_000317575.1	CGATCG	1215	628.057278297414	5544990	1767264	1769151	1002535	1006040	0	1.1890253011703e-95	2.88338635533799e-95	0.219116716170814	1.93453693155777	0.362232393566084
Oscillatoriales_cyanobacterium_JSC-12	GCA_000309945.1	CGATCG	3252	1251.98655222271	5530491	1453537	1449543	1322800	1302611	2000	0	0	0.588012890718021	2.59747198899746	0.47488745120504
Anabaena_PCC_7120	GCF_000009705.1	CGATCG	1144	293.899536070815	7211789	2118832	2116772	1487984	1488201	0	1.42171026966238e-308	5.10762578360187e-308	0.158629155678293	3.89248657991877	0.412683316164685
Thermosynechococcus_NK55a	GCF_000505665.1	CGATCG	1129	616.199246602015	2520064	578938	585049	678152	677825	100	1.59905001059208e-76	3.78311831774223e-76	0.448004495123933	1.83219957866841	0.538093798165371
Halothece_PCC_7418	GCF_000317635.1	CGATCG	1950	796.906007174082	4179170	1199645	1185719	896769	897037	0	1.1841564564736e-259	3.70526375090126e-259	0.466599827238423	2.44696360981757	0.429225420358588
Anabaena_variabilis_ATCC_29413	GCF_000204075.1	CGATCG	1262	295.567992544153	7105752	2089422	2073856	1470375	1472099	0	0	0	0.177602595756227	4.26974514099824	0.414097480463714
Synechococcus_PCC_7336	GCF_000332275.1	CGATCG	10711	4724.02120190848	5066637	1170631	1174143	1354159	1367004	700	0	0	2.11402553607057	2.2673479948974	0.537149001260774
Cyanothece_CCY0110	GCF_000169335.1	CGATCG	777	486.751665666915	5880532	1866593	1856167	1079560	1078212	0	6.48223124289482e-34	1.28321720522612e-33	0.13213090244216	1.59629654052731	0.366934828345463
Microcoleus_PCC_7113	GCF_000317515.1	CGATCG	2328	1015.5347385923	7966510	2140709	2144210	1842846	1838745	0	2.31525715853121e-271	7.48599814591759e-271	0.292223319872818	2.29238834628838	0.462133481286034
Pleurocapsa_PCC_7327	GCF_000317025.1	CGATCG	6541	2869.71206156625	4986817	1368246	1364862	1126953	1126756	0	0	0	1.31165831832209	2.27932275422434	0.451933367516795
Prochlorothrix_hollandica_PCC_9006	GCF_000332315.1	CGATCG	12758	3498.65647306612	5646343	1281458	1282986	1533293	1526606	22000	0	0	2.25951558380353	3.64654263664225	0.544045588969236
Cyanothece_PCC_7425	GCF_000022045.1	CGATCG	9961	2801.89255067132	5786110	1428298	1427239	1469623	1460950	0	0	0	1.72153657638724	3.55509707094706	0.506484149108814
Crocosphaera_watsonii_WH8501	GCF_000167195.1	CGATCG	926	397.063197833713	6238156	1960992	1961957	1155995	1159008	204	3.36517999976723e-113	8.82222864803841e-113	0.148441302205331	2.33212245569987	0.371115872645381
Rivularia_PCC_7116	GCF_000316665.1	CGATCG	542	272.700254043363	8728773	2727467	2725256	1639774	1636276	0	6.36114135219191e-47	1.31283130034599e-46	0.0620934924072375	1.98753023498766	0.375316209964447
Oscillatoria_nigro-viridis_PCC_7112	GCF_000317475.1	CGATCG	15488	3128.2958079269	8272254	2250195	2234651	1890595	1896813	0	0	0	1.87228293521935	4.95093845049897	0.457844742194812
Chamaesiphon_minutus_PCC_6605	GCF_000317145.1	CGATCG	26114	10979.0024211678	6761765	1838722	1834836	1545099	1543008	100	0	0	3.8620094013915	2.37854032618222	0.456708074120797
Trichodesmium_erythraeum_IMS101	GCF_000014265.1	CGATCG	626	107.764633024642	7750108	2551359	2552602	1320479	1325668	0	1.04300834790069e-255	3.16161905457398e-255	0.0807730679366017	5.80895589239239	0.341433564538714
Synechococcus_elongatus_PCC_7942	GCF_014698905.1	CGATCG	5797	2581.00583999232	2743371	609814	612609	760336	760612	0	0	0	2.11309370843389	2.24602358901181	0.554408426712975
Cyanobacterium_aponinum_PCC_10605	GCF_000317675.1	CGATCG	1449	198.608817262823	4176973	1357200	1360697	731481	727595	0	0	0	0.346901931135298	7.29574859751826	0.349314204329307
Microcystis_aeruginosa_NIES843	GCF_000010625.1	CGATCG	4415	1705.55965939166	5842795	1686154	1683349	1237551	1235741	0	0	0	0.755631508550274	2.58859311997021	0.423306311448545
Cyanothece_PCC_7424	GCF_000021825.1	CGATCG	2986	819.398632377642	6554169	2007565	2022606	1261085	1262913	0	0	0	0.455587886122558	3.64413593336805	0.385098095578555
Calothrix_PCC_7507	GCF_000316575.1	CGATCG	1799	438.801423885	7023215	2028932	2027174	1485649	1481460	0	0	0	0.256150495179202	4.09980438092534	0.422471617343339
Scytonema_hofmanni_UTEX_2349	GCF_000582685.1	CGATCG	2168	580.208020767496	8133444	2381625	2391176	1672843	1672998	14802	0	0	0.266553750170285	3.73659088189126	0.412118307470634
Chroococcidiopsis_thermalis_PCC_7203	GCF_000317125.1	CGATCG	8634	2822.48514017784	6689401	1857038	1857273	1490738	1484352	0	0	0	1.29069852442693	3.05900636183898	0.444746846541267
Oscillatoria_acuminata_PCC_6304	GCF_000317105.1	CGATCG	8092	1595.49660503377	7804270	2038820	2049663	1857369	1858418	0	0	0	1.03686827851932	5.07177512911646	0.476122302278112
Dactylococcopsis_salina_PCC_8305	GCF_000317615.1	CGATCG	6918	1310.98481380554	3781008	1092085	1084325	803512	801086	0	0	0	1.82967081794061	5.27694899830179	0.42438365642178
Cylindrospermum_stagnale_PCC_7417	GCF_000317535.1	CGATCG	874	442.331960134874	7610589	2202263	2196338	1606737	1605051	200	2.53642424549839e-73	5.85793218603199e-73	0.114839994644304	1.9758915899577	0.422026784701807
Calothrix_PCC_6303	GCF_000317435.1	CGATCG	903	387.134942226502	6960392	2095340	2095034	1387516	1382502	0	1.77125845658913e-110	4.52137027076698e-110	0.129734072448793	2.33252001177326	0.397968677626203
Oscillatoria_PCC_10802	GCF_000332335.1	CGATCG	1804	1177.73804642664	8594406	1963897	1969884	2318389	2317836	24400	2.11010299473297e-64	4.65181796566131e-64	0.209903977075321	1.53174978550917	0.540982701762402
Cyanothece_ATCC_51142	GCF_000017845.1	CGATCG	940	536.40351495293	5460377	1698570	1690034	1034562	1037211	0	5.43565006211247e-56	1.14621316527154e-55	0.172149285662876	1.75241208119691	0.379419406388973
Arthrospira_platensis_NIES-39	GCF_000210375.1	CGATCG	3800	615.723282723297	6788435	1862754	1866935	1486687	1476489	95570	0	0	0.559775559462527	6.17160355410452	0.442736556018984
Chlorogloeopsis_fritschii_PCC_6912	GCF_000317285.1	CGATCG	2607	706.159390003626	7751745	2274406	2261848	1607973	1607518	0	0	0	0.336311372471618	3.69180108188693	0.414808665661732
Nostoc_punctiforme_ATCC_29133	GCF_000020025.1	CGATCG	3006	671.843106093527	9059191	2658118	2654688	1873338	1873047	0	0	0	0.331817708667363	4.4742589046996	0.41354520508509
