"spp"	"ID"	"palindrome"	"obs"	"markov2"	"genomesize"	"A"	"Th"	"C"	"G"	"N"	"pval"	"fdrs"	"frecObs"	"OE"	"GC"
Cyanobium_sp_Candia_9D4	GCF_024346155.1	TCGA	18906	13061.7740193788	3220566	492683	489116	1121319	1117448	0	0	0	5.87039669424567	1.44742972676992	0.695147064211694
Cyanobium_sp_N5-Cardenillas	GCF_024345515.1	TCGA	14702	10591.2413227461	2592858	400320	406761	892511	893266	0	8.48378245425382e-313	1.39982410495188e-310	5.67019096302227	1.38812812889321	0.688729193808531
Synechococcus_sp_J7-Johnson	GCF_024345795.1	TCGA	16826	12770.4283627142	2995359	523876	516697	975418	979368	0	7.55162071989763e-258	4.98406967513244e-256	5.61735671750865	1.3175752231716	0.652604913133952
Cyanobium_sp_Aljojuca_7A6	GCF_024346455.1	TCGA	16903	12791.2660767705	3131121	510591	513115	1051331	1056084	0	3.25810649006872e-264	2.97999023454502e-262	5.39838607323064	1.32144854923287	0.673054474739239
Synechococcus_sp_BSA11S	GCF_014224355.1	TCGA	16596	12434.36606031	2883234	491959	494850	945996	950429	0	2.24864764978307e-277	2.37457191817092e-275	5.75603645073553	1.33468806688697	0.657742312972169
Cyanobium_sp_T1B-Tous	GCF_024345475.1	TCGA	13374	9778.51906645722	2712772	447441	450469	906736	908126	0	7.23390053820539e-261	5.96796794401944e-259	4.93001254805048	1.36769176488863	0.669006462762075
Synechococcus_sp_L2F	GCF_024345695.1	TCGA	15387	11307.181332815	3037934	516099	509860	1004570	1007405	0	9.04969747413097e-291	1.03874788398721e-288	5.06495532819344	1.36081659496737	0.662283973252875
Cyanobium_sp_Cruz-8H5	GCF_024345955.1	TCGA	20999	16014.8091497827	3948278	658509	658265	1317509	1313995	0	1.5907688236796e-310	2.33312760806341e-308	5.31852113756934	1.31122386808368	0.666494101985726
Synechococcus_sp_Cruz-9C9	GCF_024345935.1	TCGA	17727	13548.983142996	3152229	551572	544738	1030304	1025615	0	1.37362131723412e-258	9.97651229293434e-257	5.62363965308358	1.3083638685582	0.6522111813577
Cyanobium_sp_Morenito_9A2	GCF_024345575.1	TCGA	17454	13035.559271433	3103610	520980	521758	1027573	1033299	0	1.11221261214708e-297	1.46812064803414e-295	5.62377360557544	1.33895290846859	0.664024152519163
Synechococcus_sp_Cruz_CV-v-12	GCF_024346035.1	TCGA	17781	13592.8437437797	3022307	512887	519143	994857	995420	0	4.46135192957172e-259	3.36513402687695e-257	5.88325408371817	1.30811479445844	0.658529064056034
Synechococcus_sp_GFB01	GCF_001039265.1	TCGA	14694	10932.6270206196	2339812	375379	376841	794585	791145	1782	2.47954016535977e-257	1.5965819601341e-255	6.27999172583096	1.34405024266228	0.678256592313779
Cyanobium_sp_AMD-g	GCF_024346395.1	TCGA	17364	12673.0149155635	3121205	499015	501656	1056727	1063807	0	0	0	5.56323599379086	1.37015541413713	0.679395938427626
Synechococcus_sp_Cruz-7B9	GCF_024346015.1	TCGA	17745	13564.7305754714	3155662	540878	556534	1026694	1031556	0	1.39822331378246e-258	9.97651229293434e-257	5.62322580808718	1.30817194645116	0.652240322315888
Cyanobium_sp_ATX_6A2	GCF_024346355.1	TCGA	15292	10923.4701544544	3005893	482038	478730	1023959	1021166	0	0	0	5.08734010159377	1.39992143373635	0.680371856217104
Cyanobium_sp_Cruz_CV11-17	GCF_024346115.1	TCGA	18854	13972.6733019218	3421842	554584	565550	1146165	1155543	0	0	0	5.50989788540792	1.34934808769964	0.67265174721685
Cyanobium_sp_Cruz-8D1	GCF_024345975.1	TCGA	20973	15941.258516096	3965486	661323	661314	1321487	1321362	0	1.75320923656527e-317	3.08564825635487e-315	5.28888514547775	1.31564267518926	0.666462824481035
Cyanobium_sp_NIES-981	GCF_900088535.1	TCGA	14822	10351.300300906	3021545	482925	465347	1040867	1032406	0	0	0	4.90543745004625	1.43189740120888	0.686163204585733
Cyanobium_gracile_PCC_6307	GCF_000316515.1	TCGA	19274	13643.3599519621	3342364	527179	518741	1150343	1146101	0	0	0	5.76657718907935	1.41270186140827	0.687071785119754
Synechococcus_sp_BSF8S	GCF_014224335.1	TCGA	16605	12443.1681769978	2884859	497036	490779	949352	947692	0	3.18808667830798e-277	3.23713416566656e-275	5.75591389388528	1.33446721637144	0.657586384637863
Synechococcus_sp_BO_8801	GCF_002252675.1	TCGA	19464	13624.4478228436	3271183	500946	507728	1124181	1137807	521	0	0	5.95014097346434	1.42860835558895	0.691599437667359
Synechococcus_sp_MW101C3	GCF_002252635.1	TCGA	15256	11154.696878558	3029138	515894	509947	1001527	1001770	0	3.06325902091058e-297	3.85095419771615e-295	5.03641630061093	1.36767499521441	0.661342269648989
Synechococcus_sp_EJ6-Ellesmere	GCF_024345875.1	TCGA	16447	12007.5110127813	2892111	490229	494910	953055	953917	0	2.47032822920623e-323	4.65903904028295e-321	5.68684950197278	1.3697259975438	0.659370266217306
Cyanobium_sp_CACIAM_14	GCF_000708525.1	TCGA	19203	13898.4881254288	3212489	502123	507844	1099840	1102681	1	0	0	5.97760801671228	1.38166107181587	0.685612210847169
Synechococcus_sp_WH_5701	GCF_000153045.1	TCGA	17592	13077.1500595139	3280236	524638	528889	991991	998316	236402	3.98455256340662e-309	5.5364309302071e-307	5.36302875768695	1.3452472381168	0.653881584869609
Cyanobium_sp_N_Huapi_1H5	GCF_024345535.1	TCGA	18809	12931.0219098627	3137012	478336	470712	1098623	1089341	0	0	0	5.99583297736827	1.45456408094507	0.697467526423233
Synechococcus_sp_RedBA-s	GCF_024345495.1	TCGA	14633	10851.6668564365	2716594	459259	455434	900616	901285	0	1.84270029104785e-261	1.5692673446343e-259	5.38652444936564	1.34845643472004	0.663294183819886
Cyanobium_sp_NS01	GCF_014280235.1	TCGA	13502	9898.2628695714	2748087	439261	442008	938354	928464	0	3.66028727753123e-259	2.84210541549484e-257	4.91323600744809	1.36407773544861	0.679315465631183
Synechococcus_sp_Cruz-7E5	GCF_024345995.1	TCGA	17743	13565.2512595085	3155391	553700	543608	1027862	1030221	0	2.81899716055067e-258	1.90824423175738e-256	5.62307492161827	1.30797429849028	0.652243414524539
Cyanobium_sp_La_Preciosa_7G6	GCF_024345675.1	TCGA	16898	12786.9452109396	3130083	510726	512675	1055194	1051488	0	3.27347412128051e-264	2.97999023454502e-262	5.39857888752471	1.32150405911987	0.673043494373791
Cyanobium_sp._Lug-B	GCF_024345635.1	TCGA	18671	12987.7294474187	3181767	489562	488994	1099507	1103704	0	0	0	5.86812296437797	1.4375876919511	0.692448881392006
Synechococcus_sp_Tobar12-5m-g	GCF_024345415.1	TCGA	17291	13137.3782498064	2951029	506964	502373	972368	969324	0	5.08266321581695e-263	4.47274362991892e-261	5.859312124686	1.31616823929499	0.657971168700816
Cyanobium_sp_ATX_6F1	GCF_024346315.1	TCGA	17359	12660.4577740108	2964692	507417	490732	989851	976692	0	0	0	5.85524567138846	1.37111945791047	0.66332118142458
Synechococcus_sp_Lug-A	GCF_024345655.1	TCGA	15115	11061.4535104832	3010822	506237	508169	999249	997167	0	6.19522322913835e-293	7.43426787496602e-291	5.02022371299266	1.36645694760415	0.663080049235724
Cyanobium_sp_PCC_7001	GCF_000155635.1	TCGA	14289	10247.7949041161	2834252	442331	443238	975165	971963	1555	9.22055265683444e-312	1.43189758906135e-309	5.04154182479187	1.39434874855475	0.687376023626953
Synechococcus_sp_Edmonson_11F2	GCF_024345895.1	TCGA	17732	13547.3762950767	3150148	551942	542916	1026029	1029261	0	2.15359249095194e-259	1.72287399276155e-257	5.62894187828635	1.30888812813475	0.652442361438256
Synechococcus_sp_Cruz-9H2	GCF_024345915.1	TCGA	17746	13566.8802474743	3155699	545926	551535	1030257	1027981	0	2.07676445986327e-258	1.44280478264185e-256	5.62347676378514	1.30803837553617	0.652228872272039
Synechococcus_sp_1G10	GCF_002252625.1	TCGA	18654	14300.4721511543	3340220	599177	584732	1081471	1074840	0	3.14172682114505e-266	3.07191066956405e-264	5.58466208812593	1.30443245529444	0.645559573920281
Synechococcus_sp_ATX_2A4	GCF_024346375.1	TCGA	14068	10261.7279692802	2920482	489765	500091	965250	965376	0	3.73529169493705e-278	4.10882086443075e-276	4.81701308208713	1.3709192099142	0.661064166805342
Cyanobium_sp_CH-040	GCF_024346135.1	TCGA	15384	10379.6990224507	2900923	444879	445862	1004895	1005287	0	0	0	5.3031397248393	1.48212390038722	0.69294565901956
Cyanobium_sp_Cruz_CV13-4-11	GCF_024346055.1	TCGA	18855	13964.5204772782	3414812	559694	557070	1150548	1147500	0	0	0	5.52153383553765	1.35020747978272	0.672964719580463
