"spp"	"ID"	"palindrome"	"obs"	"markov3"	"genomesize"	"A"	"Th"	"C"	"G"	"N"	"pval"	"fdrs"	"frecObs"	"OE"	"GC"
Allocoleopsis_franciscana_PCC_7113_PCC_7113	GCF_000317515.1	CGATCG	2328	1015.5347385923	7966510	2140709	2144210	1842846	1838745	0	2.31525715853121e-271	6.22804175644896e-271	0.292223319872818	2.29238834628838	0.462133481286034
Anabaena_sp_YBS01_YBS01	GCF_009498015.1	CGATCG	1304	304.597435528012	7013200	2054623	2052785	1455723	1450069	0	0	0	0.185935093823076	4.28106033702992	0.414331831403639
Anabaenopsis_circularis_NIES-21_NIES-21	GCF_002367975.1	CGATCG	1213	285.807507793824	7069985	2092984	2104880	1423686	1428037	20398	0	0	0.171570378154975	4.24411524162981	0.404523413924816
Calothrix_brevissima_NIES-22_NIES-22	GCF_002367995.1	CGATCG	2114	581.61303325847	9257480	2744334	2761229	1874422	1875617	1878	0	0	0.228355880866067	3.63471909863569	0.405164245394303
Calothrix_sp_336-3_336-3	GCF_000734895.2	CGATCG	1265	193.680744943877	6420126	1888622	1893029	1320097	1318378	0	0	0	0.197036631368294	6.53136686543911	0.410969348576648
Calothrix_sp_NIES-2098_NIES-2098	GCF_002368175.1	CGATCG	3905	844.290329962892	8878628	2607797	2614225	1829739	1826867	0	0	0	0.439820206455322	4.62518622020891	0.411843586644243
Calothrix_sp_NIES-2100_NIES-2100	GCF_002368195.1	CGATCG	2361	708.192400302323	9963103	2917620	2911681	2062817	2063640	7345	0	0	0.236974364312002	3.33383978561773	0.414479439938174
Calothrix_sp_PCC_7507_PCC_7507	GCF_000316575.1	CGATCG	1799	438.801423885	7023215	2028932	2027174	1485649	1481460	0	0	0	0.256150495179202	4.09980438092534	0.422471617343339
Chamaesiphon_minutus_PCC_6605_PCC_6605	GCF_000317145.1	CGATCG	26114	10979.0024211678	6761765	1838722	1834836	1545099	1543008	100	0	0	3.8620094013915	2.37854032618222	0.456708074120797
Chondrocystis_sp_NIES-4102_NIES-4102	GCF_002368355.1	CGATCG	1400	467.237562251554	5002520	1579848	1590642	915636	916394	0	1.07986919163942e-264	2.87608725298023e-264	0.279858951088651	2.99633444120715	0.366221424402101
Chroococcidiopsis_sp_CCMEE_29_CCMEE_29	GCF_023558375.1	CGATCG	2145	962.650659745887	6389872	1714554	1719084	1480112	1476022	100	1.83098876373679e-235	4.78190269364269e-235	0.335687475429868	2.22822264575835	0.462635286517265
Chroococcidiopsis_sp_CCNUC1_CCNUC1	GCF_023546805.1	CGATCG	9011	2933.25349980811	6955760	1923908	1934636	1549525	1547691	0	0	0	1.29547310430492	3.07201542607535	0.445273557454541
Chroococcidiopsis_thermalis_PCC_7203_PCC_7203	GCF_000317125.1	CGATCG	8634	2822.48514017784	6689401	1857038	1857273	1490738	1484352	0	0	0	1.29069852442693	3.05900636183898	0.444746846541267
Cyanobacterium_aponinum_PCC_10605_PCC_10605	GCF_000317675.1	CGATCG	1449	198.608817262823	4176973	1357200	1360697	731481	727595	0	0	0	0.346901931135298	7.29574859751826	0.349314204329307
Dactylococcopsis_salina_PCC_8305_PCC_8305	GCF_000317615.1	CGATCG	6918	1310.98481380554	3781008	1092085	1084325	803512	801086	0	0	0	1.82967081794061	5.27694899830179	0.42438365642178
Fischerella_sp_NIES-3754_NIES-3754	GCF_001548455.1	CGATCG	1060	372.739179158869	5826863	1723733	1715387	1192344	1195399	0	3.95535733856466e-185	1.01332488007037e-184	0.18191606701582	2.84381159606569	0.40978190151373
Geitlerinema_sp_PCC_7407_PCC_7407	GCF_000317045.1	CGATCG	4825	2756.16171338262	4681111	970579	973810	1365855	1370867	0	1.01993545765888e-277	2.79961875622691e-277	1.03073821577826	1.75062296837376	0.584630870748418
Geminocystis_herdmanii_PCC_6308_PCC_6308	GCF_000332235.1	CGATCG	7695	875.661170750829	4263418	1402199	1398894	730751	730574	1000	0	0	1.80488987943476	8.78764556089884	0.342839439961074
Geminocystis_sp_NIES-3708_NIES-3708	GCF_001548095.1	CGATCG	814	231.188480297912	4042078	1366674	1370244	654553	650607	0	2.53609034232257e-194	6.55969521235358e-194	0.201381566610046	3.52093667881319	0.322893323681532
Geminocystis_sp_NIES-3709_NIES-3709	GCF_001548115.1	CGATCG	6698	748.202005689115	4426059	1476253	1473346	738632	737828	0	0	0	1.51331014792166	8.95212783321925	0.333583442968112
Gloeocapsa_sp_PCC_7428_PCC_7428	GCF_000317555.1	CGATCG	3190	1442.66232412651	5882710	1669666	1662208	1275272	1275564	0	0	0	0.542267084387978	2.2111896503095	0.433615799520969
Gloeothece_citriformis_PCC_7424_PCC_7424	GCF_000021825.1	CGATCG	2986	819.398632377642	6554169	2007565	2022606	1261085	1262913	0	0	0	0.455587886122558	3.64413593336805	0.385098095578555
Halothece_sp_PCC_7418_PCC_7418	GCF_000317635.1	CGATCG	1950	796.906007174082	4179170	1199645	1185719	896769	897037	0	1.1841564564736e-259	3.12292241952351e-259	0.466599827238423	2.44696360981757	0.429225420358588
Kovacikia_minuta_CCNUW1_CCNU0001	GCF_020091585.1	CGATCG	14043	3581.81969699191	8564336	2171942	2166023	2115474	2110897	0	0	0	1.63970680272236	3.92063285926805	0.493484959020758
Leptodesmis_sichuanensis_PKUAC-SCTA121_PKUAC-SCTA121	GCF_021379005.1	CGATCG	9498	2413.46239030764	5348817	1328676	1328699	1341124	1350318	0	0	0	1.77571975261072	3.93542490578827	0.503184535945051
Leptolyngbya_boryana_IAM_M-101_IAM_M-101	GCF_002142475.1	CGATCG	18145	6276.03062834904	6803468	1804851	1800489	1602507	1595621	0	0	0	2.66702217163364	2.89115861194788	0.470073203842511
Leptolyngbya_boryana_IU_594_IU_594	GCF_022372495.1	CGATCG	19008	6590.68513395687	7227162	1911589	1916736	1695879	1702958	0	0	0	2.63007803062945	2.8840704135699	0.470286538478036
Leptolyngbya_boryana_NIES-2135_NIES-2135	GCF_002368255.1	CGATCG	19025	6593.6228442781	7233668	1913534	1918358	1697127	1704649	0	0	0	2.63006264594947	2.8853636990338	0.470269854795658
Leptolyngbya_boryana_dg5_dg5	GCF_002142495.1	CGATCG	18145	6276.03062834931	6803469	1804849	1800491	1602506	1595623	0	0	0	2.66702177962448	2.89115861194776	0.470073281733186
Leptolyngbya_sp_NIES-3755_NIES-3755	GCF_001548435.1	CGATCG	27480	9450.80930862861	6761657	1802088	1801838	1575323	1582407	1	0	0	4.06409257375818	2.9076874903095	0.467005419974042
Leptolyngbyaceae_cyanobacterium_JSC-12_JSC-12	GCF_000309945.1	CGATCG	3252	1251.98655222271	5530491	1453537	1449543	1322800	1302611	2000	0	0	0.588012890718021	2.59747198899746	0.47488745120504
Leptothermofonsia_sichuanensis_PKUAC-SCTE412_PKUAC-SCTE412	GCF_019891175.1	CGATCG	3697	1363.90199655775	6426061	1579487	1581674	1635410	1629490	0	0	0	0.575313555224577	2.71060531426053	0.508071740993433
Limnospira_fusiformis_KN01_KN01	GCF_014489865.2	CGATCG	3736	629.143938391833	5640992	1558805	1550106	1245006	1246544	40531	0	0	0.662294858776612	5.93822776000936	0.444883019451434
Limnospira_indica_PCC_8005_PCC_8005	GCF_000973065.1	CGATCG	3803	628.046242950148	6228153	1720656	1721232	1395210	1390533	522	0	0	0.61061441489957	6.05528660140694	0.447319855656188
Microcoleus_vaginatus_HSN003_HSN003	GCF_022701255.1	CGATCG	11968	2430.7129401455	6756317	1828722	1834043	1548132	1545420	0	0	0	1.77137928844961	4.92365832358782	0.457875496368806
Microcoleus_vaginatus_PCC_9802_PCC_9802	GCF_022701275.1	CGATCG	11728	2425.67477948928	6698371	1808279	1806646	1540014	1543432	0	0	0	1.75087345863644	4.83494329048898	0.460327742371989
Microcystis_aeruginosa_NIES-88	GCF_019704275.1	CGATCG	4431	1702.01130449757	5501105	1581960	1576324	1173676	1169145	0	0	0	0.805474536479489	2.60339046414737	0.425881891001899
Microcystis_aeruginosa_FACHB-905_DIANCHI905_DIANCHI905	GCF_021172085.1	CGATCG	4087	1554.32170058565	5103104	1479268	1476968	1073984	1072884	0	0	0	0.80088510835758	2.62944279711213	0.420698461171867
Microcystis_aeruginosa_FD4_FD4	GCF_009792235.1	CGATCG	4354	1637.87529969333	5493112	1582319	1572198	1170916	1167679	0	0	0	0.792629023402399	2.65832203514836	0.42573226251349
Microcystis_aeruginosa_NIES-2481_NIES-2481	GCF_001704955.2	CGATCG	3970	1622.14337623794	4440545	1271658	1265242	953186	950459	0	0	0	0.894034403434714	2.4473792256312	0.428696252374427
Microcystis_aeruginosa_NIES-2549_NIES-2549	GCF_000981785.2	CGATCG	3843	1573.16214851078	4301200	1230086	1225108	923544	922462	0	0	0	0.89347158932391	2.44285053745918	0.429183948665489
Microcystis_aeruginosa_NIES-298_NIES-298	GCF_010196425.1	CGATCG	4333	1720.95334534037	5015081	1444948	1436040	1069456	1064637	0	0	0	0.863994021233157	2.51779050938945	0.425535101028279
Microcystis_aeruginosa_NIES-843_NIES-843	GCF_000010625.1	CGATCG	4415	1705.55965939166	5842795	1686154	1683349	1237551	1235741	0	0	0	0.755631508550274	2.58859311997021	0.423306311448545
Microcystis_aeruginosa_PCC_7806SL_PCC_7806SL	GCF_002095975.1	CGATCG	4130	1572.11807939196	5139339	1487367	1488999	1080922	1082051	0	0	0	0.803605288540024	2.62702913613037	0.420865990743168
Microcystis_panniformis_FACHB-1757_FACHB-1757	GCF_001264245.1	CGATCG	4387	1644.90844361071	5686839	1641384	1636816	1206395	1202244	0	0	0	0.771430314802301	2.66701774013037	0.423546191478254
Microcystis_sp_MC19_MC19	GCF_003019735.1	CGATCG	4060	1600.88201002164	5020243	1438559	1440528	1069973	1071183	0	0	0	0.80872579275545	2.53610195791076	0.426504454067263
Microcystis_viridis_NIES-102_NIES-102	GCF_003945305.1	CGATCG	4399	1706.42348478759	5874197	1694407	1689783	1245525	1244482	0	0	0	0.748868313405219	2.5779063867886	0.42388891622123
Nostoc_cf_commune_SO-36_SO-36	GCF_023734775.1	CGATCG	1899	495.984163173397	7408262	2170515	2174046	1533685	1530016	0	0	0	0.256335426581835	3.82875128078657	0.413551923514584
Nostoc_edaphicum_CCNP1411_CCNP1411	GCF_014023275.1	CGATCG	2155	568.260648774099	8316316	2428205	2429312	1727952	1730847	0	0	0	0.259129162480117	3.7922738529387	0.415905191673813
Nostoc_flagelliforme_CCNUN1_CCNUN1	GCF_002813575.1	CGATCG	2346	718.046396292963	10231233	2972783	2974654	2139123	2144673	0	0	0	0.229297876414309	3.2671983483402	0.418697922332528
Nostoc_linckia_NIES-25_NIES-25	GCF_002368035.1	CGATCG	3981	742.899521772291	8590040	2520048	2524735	1770009	1770407	4841	0	0	0.463443709226034	5.35873275366064	0.412386014581607
Nostoc_piscinale_CENA21_CENA21	GCF_001298445.1	CGATCG	1143	266.728903575887	7094556	2107623	2110272	1437468	1438706	482	0	0	0.161109447863968	4.28524987234765	0.405433609399627
Nostoc_punctiforme_PCC_73102_ATCC_29133_PCC_73102	GCF_000020025.1	CGATCG	3006	671.843106093527	9059191	2658118	2654688	1873338	1873047	0	0	0	0.331817708667363	4.4742589046996	0.41354520508509
Nostoc_sp_Lobaria_pulmonaria_5183_cyanobiont_5183	GCF_002949795.1	CGATCG	2658	630.918232161472	7339908	2146883	2138779	1528860	1525385	1	0	0	0.362129879557073	4.21290725882801	0.416114945325602
Nostoc_sp_Peltigera_membranacea_cyanobiont_N6_N6	GCF_002949735.1	CGATCG	3611	728.705067596009	8898590	2606437	2609313	1839855	1842985	0	0	0	0.405794625890169	4.95536556636371	0.41386781501339
Nostoc_sp_ATCC_53789_ATCC_53789	GCF_009873495.1	CGATCG	2369	603.091433202821	8653730	2530171	2539914	1794144	1789501	0	0	0	0.273754785508677	3.92809426494258	0.414115647241132
Nostoc_sp_C052_C052	GCF_013393905.1	CGATCG	3068	776.671108673961	9879831	2895458	2884259	2047979	2052135	0	0	0	0.310531627514681	3.95019199985192	0.414998394203302
Nostoc_sp_C057_C057	GCF_013393925.1	CGATCG	2585	653.239977936914	9234448	2697407	2709551	1914903	1912587	0	0	0	0.279930105188745	3.95719810071031	0.414479566076933
Nostoc_sp_CENA543_CENA543	GCF_002896875.1	CGATCG	844	264.140126453168	7207640	2131734	2132207	1471824	1471875	0	2.06723907553997e-176	5.24610671056842e-176	0.117097968267006	3.19527370314044	0.408413711006654
Nostoc_sp_MS1_MS1	GCF_019976755.1	CGATCG	1147	274.666180947332	7901148	2348344	2350022	1604127	1598655	0	0	0	0.145168778005424	4.17597825856814	0.40535653806257
Nostoc_sp_NIES-2111_NIES-2111	GCF_002368215.1	CGATCG	1027	250.257051956927	7876755	2340575	2338727	1597246	1597694	2513	6.23260233151816e-295	1.76481055492462e-294	0.130383641486881	4.10378046080699	0.405745721302444
Nostoc_sp_NIES-3756_NIES-3756	GCF_001548375.1	CGATCG	964	222.510937281343	6987571	2076063	2076101	1418054	1417353	0	2.67067925350702e-294	7.48346582493112e-294	0.137959242203049	4.33237130622986	0.405778631802095
Nostoc_sp_NIES-4103_NIES-4103	GCF_002368335.1	CGATCG	1401	361.192949321055	8590607	2517725	2519720	1762184	1760508	30470	0	0	0.163085099807266	3.87881325655305	0.411522852963685
Nostoc_sp_PCC_7107_PCC_7107	GCF_000316625.1	CGATCG	1106	268.814723017239	6329823	1884265	1890982	1275594	1278982	0	2.2008549446515e-318	6.50582183984233e-318	0.174728424475692	4.1143579770706	0.403577793565476
Nostoc_sp_PCC_7120_FACHB-418_PCC_7120	GCF_000009705.1	CGATCG	1144	293.899536070815	7211789	2118832	2116772	1487984	1488201	0	1.42171026966238e-308	4.11225873698042e-308	0.158629155678293	3.89248657991877	0.412683316164685
Nostoc_sp_PCC_7524_PCC_7524	GCF_000316645.1	CGATCG	847	278.911315552657	6718869	1965913	1962539	1395516	1394901	0	2.5700732198918e-164	6.46121211355976e-164	0.126062883500184	3.03680758997421	0.415310523244314
Nostoc_sp_TCL240-02	GCF_013343235.1	CGATCG	2356	585.315991969468	7887247	2316981	2313899	1625830	1630537	0	0	0	0.29871005688043	4.02517619939367	0.412864843715431
Nostoc_sp_TCL26-01_TCL26-01	GCF_013393945.1	CGATCG	1335	361.663662219565	7387676	2177561	2177055	1515408	1517652	0	0	0	0.180706354745389	3.69127490388992	0.410556716347604
Nostoc_sp_UHCC_0702_UHCC_0702	GCF_017164015.1	CGATCG	1529	384.852932822239	8587404	2506095	2506759	1787666	1786884	0	0	0	0.178051480983077	3.97294620775629	0.416255017232216
Nostoc_sp_UHCC_0870_UHCC_0870	GCF_022063185.1	CGATCG	1089	268.474901119711	7172241	2112980	2120238	1465535	1473488	0	1.93659515291007e-308	5.54195846949798e-308	0.151835388688138	4.05624509202975	0.409777501899337
Nostoc_sphaeroides_Kutzing_En	GCF_003443655.1	CGATCG	1850	476.103108990608	6684490	1955963	1947309	1389673	1391545	0	0	0	0.276760081920984	3.88571291609964	0.416070335956819
Nostoc_sphaeroides_CCNUC1	GCF_009372195.1	CGATCG	2354	649.299478481484	9516388	2789938	2792309	1969009	1965132	0	0	0	0.247362759904283	3.6254456964994	0.413406956504926
Oscillatoria_acuminata_PCC_6304_PCC_6304	GCF_000317105.1	CGATCG	8092	1595.49660503377	7804270	2038820	2049663	1857369	1858418	0	0	0	1.03686827851932	5.07177512911646	0.476122302278112
Oscillatoria_nigro-viridis_PCC_7112_PCC_7112	GCF_000317475.1	CGATCG	15488	3128.2958079269	8272254	2250195	2234651	1890595	1896813	0	0	0	1.87228293521935	4.95093845049897	0.457844742194812
Oxynema_aestuarii_AP17_AP17	GCF_012295525.1	CGATCG	21265	10795.7854447451	6357750	1537227	1549300	1634511	1636712	0	0	0	3.34473673862609	1.96975015007832	0.514525264441037
Phormidium_yuhuli_AB48_AB48	GCF_023983615.1	CGATCG	2498	700.84344575011	4799068	1158925	1161423	1239527	1239193	0	0	0	0.520517733859991	3.56427675131698	0.516500287139086
Pleurocapsa_sp_PCC_7327_PCC_7327	GCF_000317025.1	CGATCG	6541	2869.71206156625	4986817	1368246	1364862	1126953	1126756	0	0	0	1.31165831832209	2.27932275422434	0.451933367516795
Pseudanabaena_sp_ABRG5-3_ABRG5-3	GCF_003967015.1	CGATCG	5324	1955.13956770664	5657972	1633547	1637249	1195328	1191848	0	0	0	0.940973196756718	2.72307925630342	0.421913717494537
Pseudanabaena_sp_PCC_7367_PCC_7367	GCF_000317065.1	CGATCG	16216	5143.74070620756	4885680	1314560	1312767	1130783	1127570	0	0	0	3.31908761932832	3.15256948711086	0.462239237936173
Scytonema_sp_NIES-4073_NIES-4073	GCF_002368435.1	CGATCG	1238	560.55166738208	9848021	2778377	2774230	2134834	2127936	32644	3.27949453465491e-134	8.16837064650159e-134	0.125710536157468	2.20853860944126	0.434295086169385
Synechococcus_elongatus_PCC_11801_PCC_11801	GCF_003846445.1	CGATCG	5450	2380.76200036609	2691022	603121	609732	736578	740791	800	0	0	2.02525285932259	2.28918304272412	0.549162485475176
Synechococcus_elongatus_PCC_11802_PCC_11802	GCF_009498715.1	CGATCG	5535	2406.36189878784	2760484	620957	626474	755804	756749	500	0	0	2.00508316657514	2.30015277535277	0.548029626258703
Synechococcus_elongatus_PCC_6301_PCC_6301	GCF_022984195.1	CGATCG	5799	2581.0612968142	2749599	613457	611833	762623	761686	0	0	0	2.10903480834842	2.2467502058776	0.554375019775611
Synechococcus_elongatus_PCC_6301_PCC_6301	GCF_000010065.1	CGATCG	5705	2543.45374411751	2696255	599382	600874	748052	747947	0	0	0	2.11589779156645	2.24301307354006	0.55484329189932
Synechococcus_elongatus_UTEX_2973_UTEX_2973	GCF_000817325.1	CGATCG	5786	2573.57591110513	2744626	610686	612439	760195	761306	0	0	0	2.1081196490888	2.24823366391994	0.554356404114805
Synechococcus_elongatus_UTEX_3055_UTEX_3055	GCF_003957805.1	CGATCG	5985	2642.84926859149	2881223	645838	647167	795825	792393	0	0	0	2.07724289303535	2.26460134186529	0.551230501769561
Synechococcus_sp_PCC_7336_PCC_7336	GCF_000332275.1	CGATCG	10711	4724.02120190848	5066637	1170631	1174143	1354159	1367004	700	0	0	2.11402553607057	2.2673479948974	0.537149001260774
Synechococcus_sp_PCC_7502_PCC_7502	GCF_000317085.1	CGATCG	2158	663.506426500725	3583735	1063040	1064941	729573	726181	0	0	0	0.602165059637501	3.25241763125205	0.406211396769013
Synechocystis_sp_CACIAM_05_CACIAM_05	GCF_010222815.1	CGATCG	1958	524.045386977677	3580992	931784	934495	853736	855130	5839	0	0	0.54677586545851	3.73631759510824	0.477985088716681
Synechocystis_sp_IPPAS_B-1465_IPPAS_B-1465	GCF_003015225.1	CGATCG	2119	566.253732785628	3950993	1038590	1040715	934089	937599	0	0	0	0.536320869209336	3.74213868679646	0.473725972179652
Synechocystis_sp_PCC_6714_PCC_6714	GCF_000478825.2	CGATCG	1912	540.180252488879	3738889	985000	976155	888450	889284	0	0	0	0.511381857016884	3.5395592326644	0.47547118943622
Synechocystis_sp_PCC_6803_PCC_6803	GCF_000009725.1	CGATCG	2119	565.09058482521	3947019	1037565	1039901	933284	936269	0	0	0	0.536860856256329	3.74984127660777	0.473662021895512
Synechocystis_sp_PCC_6803_GT-S	GCF_000270265.1	CGATCG	1958	518.131930355529	3571103	931704	934898	850968	853533	0	0	0	0.54828998211477	3.77896030969655	0.477303791013589
Synechocystis_sp_PCC_6803_PCC_6803	GCF_000340785.1	CGATCG	2089	562.273342782768	3949306	1038305	1040083	933635	937283	0	0	0	0.528953694649136	3.71527483352003	0.473733359734596
Synechocystis_sp_PCC_6803_PCC_6803_substr_GT-G	GCF_001318385.1	CGATCG	1957	517.940982241157	3569196	931026	934436	850661	853073	0	0	0	0.548302755018217	3.77842276842424	0.477343917229539
Synechocystis_sp_PCC_6803_PCC_6803	GCF_018845095.1	CGATCG	2119	565.21662992178	3947544	1037673	1039698	933299	936874	0	0	0	0.536789456938289	3.74900505014024	0.473756087329236
Synechocystis_sp_PCC_6803_PCC_6803_substr_GT-T	GCF_022869765.1	CGATCG	1958	518.246069872479	3569929	931239	934576	850830	853284	0	0	0	0.548470291706082	3.77812802416773	0.477352350705014
Synechocystis_sp_PCC_6803_substr_GT-I	GCF_000284135.1	CGATCG	1958	518.236293053754	3570004	931251	934596	850852	853305	0	0	0	0.548458769233872	3.77819930067481	0.477354367109953
Synechocystis_sp_PCC_6803_substr_PCC-N	GCF_000284215.1	CGATCG	1958	518.296839514294	3570103	931268	934635	850888	853312	0	0	0	0.548443560311845	3.77775793854903	0.477353174404212
Synechocystis_sp_PCC_6803_substr_PCC-P	GCF_000284455.1	CGATCG	1958	518.278197085165	3570114	931273	934640	850889	853312	0	0	0	0.548441870483688	3.77789382422787	0.477351983718167
Synechocystis_sp_PCC_7338_PCC_7338	GCF_018282115.1	CGATCG	1957	578.68313713824	3832803	1003500	999660	916199	913444	0	0	0	0.510592378476013	3.38181618645041	0.477364216214608
Synechocystis_sp_PCC_7339_PCC_7339	GCF_019924095.1	CGATCG	1960	575.422608714665	3876863	1014678	1016886	924218	921081	0	0	0	0.505563389781893	3.40619219738011	0.475977355918948
Tolypothrix_sp_PCC_7910_PCC_7910	GCF_011769525.1	CGATCG	1332	417.415551265883	8761534	2602021	2603489	1777600	1778424	0	1.37320401942159e-276	3.73123112347886e-276	0.152028172235593	3.19106462603151	0.405867739599025
Tolypothrix_tenuis_PCC_7101_NIES-37	GCF_002368295.1	CGATCG	1402	442.304835011172	9352233	2772345	2771333	1902312	1905441	802	3.32618676963193e-288	9.22416743330916e-288	0.149910721856481	3.16975960700178	0.407183991412651
Trichormus_variabilis_0441_0441	GCF_009856605.1	CGATCG	1262	295.586332396394	7096012	2082473	2075635	1464722	1473182	0	0	0	0.177846373427779	4.26948022179728	0.414021847764632
Trichormus_variabilis_ATCC_29413_ATCC_29413	GCF_000204075.1	CGATCG	1262	295.567992544153	7105752	2089422	2073856	1470375	1472099	0	0	0	0.177602595756227	4.26974514099824	0.414097480463714
Trichormus_variabilis_NIES-23_NIES-23	GCF_002368015.1	CGATCG	1178	309.627455900025	7472825	2179077	2191466	1532723	1540555	29004	5.06770656640576e-309	1.48175333300342e-308	0.157637841110959	3.80457216423457	0.412862963792386
Phormidium_sp_ETS-05_ETS-05	GCF_016446395.1	CGATCG	8533	1058.2527601623	6286783	1585611	1588215	1556273	1556683	1	0	0	1.35729195679253	8.06329104087696	0.49515889051028
