"spp"	"ID"	"palindrome"	"obs"	"markov3"	"genomesize"	"A"	"Th"	"C"	"G"	"N"	"pval"	"fdrs"	"frecObs"	"OE"	"GC"
Synechococcus_elongatus_PCC_6301	GCF_022984195.1	CGATCG	5799	2581.0612968142	2749599	613457	611833	762623	761686	0	0	0	2.10903480834842	2.2467502058776	0.554375019775611
Synechococcus_elongatus_UTEX_2973	GCF_000817325.1	CGATCG	5786	2573.57591110513	2744626	610686	612439	760195	761306	0	0	0	2.1081196490888	2.24823366391994	0.554356404114805
Synechococcus_elongatus_PCC_11802	GCF_009498715.1	CGATCG	5535	2406.36189878784	2760484	620957	626474	755804	756749	500	0	0	2.00508316657514	2.30015277535277	0.548029626258703
Synechococcus_elongatus_UTEX_3055	GCF_003957805.1	CGATCG	5985	2642.84926859149	2881223	645838	647167	795825	792393	0	0	0	2.07724289303535	2.26460134186529	0.551230501769561
Synechococcus_elongatus_PCC_7942_FACHB-805	GCF_014698905.1	CGATCG	5797	2581.00583999232	2743371	609814	612609	760336	760612	0	0	0	2.11309370843389	2.24602358901181	0.554408426712975
Synechococcus_elongatus_PCC_11801	GCF_003846445.1	CGATCG	5450	2380.76200036609	2691022	603121	609732	736578	740791	800	0	0	2.02525285932259	2.28918304272412	0.549162485475176
Synechococcus_elongatus_PCC_6311	GCA_022984265.1	CGATCG	5799	2582.19249921954	2743999	612250	610433	760861	760435	20	0	0	2.11333896258709	2.24576595344953	0.554412406217395
Synechococcus_elongatus_PCC_7943	GCA_022984345.1	CGATCG	5799	2582.57433609726	2743767	612324	610281	760156	760986	20	0	0	2.11351765656486	2.24543391411662	0.554403157433976
Synechococcus_elongatus_FACHB-1061	GCF_014698895.1	CGATCG	5776	2565.48651348013	2734236	612818	605876	760894	754648	0	0	0	2.11247310034686	2.25142481539096	0.554283536607667
Synechococcus_elongatus_FACHB-242	GCF_014698415.1	CGATCG	5778	2566.10774716964	2735070	611026	608025	759102	756917	0	0	0	2.1125601904156	2.25165915436443	0.554288921307316
