"spp"	"ID"	"palindrome"	"obs"	"markov2"	"genomesize"	"A"	"Th"	"C"	"G"	"N"	"pval"	"fdrs"	"frecObs"	"OE"	"GC"
Synechococcus_WH5701	GCF_000153045.1	TCGA	17592	13077.1500595139	3280236	524638	528889	991991	998316	236402	3.98455256340662e-309	7.73003197300885e-307	5.36302875768695	1.3452472381168	0.653881584869609
Nostoc_PCC_7524	GCF_000316645.1	ATAT	36411	30954.8563963111	6718869	1965913	1962539	1395516	1394901	0	4.31768443055719e-201	4.78646159730339e-199	5.41921564477593	1.17626131208088	0.415310523244314
Crinalium_epipsammum_PCC_9333	GCF_000317495.1	ATAT	30695	26012.812013374	5620407	1682950	1680154	1135868	1121435	0	2.52926320521805e-176	1.77423492152097e-174	5.46134826178958	1.17999545701629	0.401626252333683
Pseudanabaena_PCC_7367	GCF_000317065.1	GATC	53544	38956.3944065816	4885680	1314560	1312767	1130783	1127570	0	0	0	10.9593751535098	1.37445984967628	0.462239237936173
Microchaete_PCC_7126	GCF_000332295.1	ATAT	29334	25025.7810796598	5742264	1653363	1665362	1207597	1215742	200	9.1878181229638e-156	4.91706680235856e-154	5.10843806554349	1.1721512270337	0.422032739447
Nostoc_PCC_7107	GCF_000316625.1	ATAT	36429	31098.2729660574	6329823	1884265	1890982	1275594	1278982	0	1.60936758434933e-191	1.38763249495009e-189	5.75513722895569	1.17141553293847	0.403577793565476
Anabaena_cylindrica_PCC_7122	GCF_000317695.1	ATAT	45685	40637.1503202517	7063285	2165259	2158136	1369757	1370133	0	3.9021565512153e-134	1.83519605075338e-132	6.46795365046151	1.12421760974791	0.387905910635066
Anabaena_PCC_7120	GCF_000009705.1	ATAT	41034	35244.9171743772	7211789	2118832	2116772	1487984	1488201	0	1.28402352270687e-199	1.3285363381607e-197	5.68985032701317	1.16425298425248	0.412683316164685
Gloeobacter_violaceus_PCC_7421	GCF_000011385.1	TCGA	36930	28038.5862647752	4659019	887941	882586	1444547	1443945	0	0	0	7.92656136409832	1.31711348251517	0.619978583474332
Nodularia_spumigena_CCY9414	GCF_000340565.2	ATAT	31652	27097.9445903595	5462271	1605019	1602714	1127562	1122441	4507	5.85473854683575e-161	3.49482854795734e-159	5.79465940082431	1.16805907158215	0.412259405731607
Anabaena_variabilis_ATCC_29413	GCF_000204075.1	ATAT	39992	34556.397806766	7105752	2089422	2073856	1470375	1472099	0	4.27512299161313e-180	3.15951946808742e-178	5.62811648928924	1.15729655109392	0.414097480463714
Cyanobium_gracile_PCC_6307	GCF_000316515.1	TCGA	19274	13643.3599519621	3342364	527179	518741	1150343	1146101	0	0	0	5.76657718907935	1.41270186140827	0.687071785119754
Prochlorothrix_hollandica_PCC_9006	GCF_000332315.1	GATC	48786	39063.2344023992	5646343	1281458	1282986	1533293	1526606	22000	0	0	8.64028274584098	1.24889811983934	0.544045588969236
Cyanothece_PCC_7425	GCF_000022045.1	GATC	44357	38931.3982886982	5786110	1428298	1427239	1469623	1460950	0	1.04914257699948e-160	6.03062696112292e-159	7.6661176507187	1.13936313489353	0.506484149108814
Rivularia_PCC_7116	GCF_000316665.1	ATAT	64217	57043.5793823737	8728773	2727467	2725256	1639774	1636276	0	5.06488875427528e-192	4.62394549802073e-190	7.35693321386637	1.12575333973245	0.375316209964447
Anabaena_PCC_7108	GCF_000332135.1	ATAT	37704	32981.8636758426	5886741	1803012	1800195	1142478	1140056	1000	1.31809696840337e-143	6.59898869342589e-142	6.40490213515424	1.14317372634149	0.387807414563434
Oscillatoria_nigro-viridis_PCC_7112	GCF_000317475.1	ATAT	32020	26953.762858424	8272254	2250195	2234651	1890595	1896813	0	3.57291470886987e-198	3.46572726760377e-196	3.87077089267327	1.18796029215611	0.457844742194812
Chamaesiphon_minutus_PCC_6605	GCF_000317145.1	ATAT	31968	27075.541554223	6761765	1838722	1834836	1545099	1543008	100	1.09809853159735e-184	8.52124460519546e-183	4.72775968996261	1.18069660530997	0.456708074120797
Gloeobacter_kilaueensis_JS1	GCF_000484535.1	TCGA	38149	30978.779762169	4724791	931715	932838	1431757	1428481	0	0	0	8.07421957923641	1.23145586407465	0.605368152792367
Calothrix_PCC_7507	GCF_000316575.1	ATAT	36692	31763.8275390989	7023215	2028932	2027174	1485649	1481460	0	2.39243289537366e-161	1.48522234144797e-159	5.22438797616191	1.15515046021563	0.422471617343339
Scytonema_hofmanni_UTEX_2349	GCF_000582685.1	ATAT	43911	38872.9060376087	8133444	2381625	2391176	1672843	1672998	14802	3.20718077562353e-139	1.55548267617741e-137	5.39881998326908	1.12960425334594	0.412118307470634
Chroococcidiopsis_thermalis_PCC_7203	GCF_000317125.1	AATT	67238	59732.4882983737	6689401	1857038	1857273	1490738	1484352	0	3.79682428233539e-201	4.53282406629578e-199	10.0514231393812	1.12565208507864	0.444746846541267
Cylindrospermum_stagnale_PCC_7417	GCF_000317535.1	ATAT	40002	33922.7834835474	7610589	2202263	2196338	1606737	1605051	200	2.98845881905413e-227	4.21644371561092e-225	5.25609778691242	1.17920747922708	0.422026784701807
Calothrix_PCC_6303	GCF_000317435.1	ATAT	45019	37856.3350643977	6960392	2095340	2095034	1387516	1382502	0	1.44510487868802e-281	2.49200307969312e-279	6.46788284338009	1.18920650727065	0.397968677626203
Oscillatoria_PCC_10802	GCF_000332335.1	CCGG	80840	63504.930322742	8594406	1963897	1969884	2318389	2317836	24400	0	0	9.40611835186748	1.27297202893001	0.540982701762402
Calothrix_PCC_7103	GCF_000331305.1	ATAT	87247	77626.5274100461	11584393	3559908	3554391	2229471	2234522	6101	3.27135019407995e-253	5.07713550121208e-251	7.53142611788119	1.12393279605483	0.385548490226365
Chlorogloeopsis_fritschii_PCC_6912	GCF_000317285.1	ATAT	39706	34601.0066692994	7751745	2274406	2261848	1607973	1607518	0	2.53138211513391e-159	1.40310894381708e-157	5.12220151720677	1.14753886727897	0.414808665661732
Nostoc_punctiforme_ATCC_29133	GCF_000020025.1	ATAT	48115	42187.9162214316	9059191	2658118	2654688	1873338	1873047	0	2.62934298936742e-176	1.77423492152097e-174	5.31118065619767	1.14049245161716	0.41354520508509
