"spp"	"ID"	"palindrome"	"obs"	"markov2"	"genomesize"	"A"	"Th"	"C"	"G"	"N"	"pval"	"fdrs"	"frecObs"	"OE"	"GC"
Synechococcus_WH5701	GCF_000153045.1	TCGA	17592	13077.1500595139	3280236	524638	528889	991991	998316	236402	3.98455256340662e-309	7.73003197300885e-307	5.36302875768695	1.3452472381168	0.653881584869609
Pseudanabaena_PCC_7367	GCF_000317065.1	GATC	53544	38956.3944065816	4885680	1314560	1312767	1130783	1127570	0	0	0	10.9593751535098	1.37445984967628	0.462239237936173
Gloeobacter_violaceus_PCC_7421	GCF_000011385.1	TCGA	36930	28038.5862647752	4659019	887941	882586	1444547	1443945	0	0	0	7.92656136409832	1.31711348251517	0.619978583474332
Cyanobium_gracile_PCC_6307	GCF_000316515.1	TCGA	19274	13643.3599519621	3342364	527179	518741	1150343	1146101	0	0	0	5.76657718907935	1.41270186140827	0.687071785119754
Prochlorothrix_hollandica_PCC_9006	GCF_000332315.1	GATC	48786	39063.2344023992	5646343	1281458	1282986	1533293	1526606	22000	0	0	8.64028274584098	1.24889811983934	0.544045588969236
Gloeobacter_kilaueensis_JS1	GCF_000484535.1	TCGA	38149	30978.779762169	4724791	931715	932838	1431757	1428481	0	0	0	8.07421957923641	1.23145586407465	0.605368152792367
Calothrix_PCC_6303	GCF_000317435.1	ATAT	45019	37856.3350643977	6960392	2095340	2095034	1387516	1382502	0	1.44510487868802e-281	2.49200307969312e-279	6.46788284338009	1.18920650727065	0.397968677626203
Oscillatoria_PCC_10802	GCF_000332335.1	CCGG	80840	63504.930322742	8594406	1963897	1969884	2318389	2317836	24400	0	0	9.40611835186748	1.27297202893001	0.540982701762402
Calothrix_PCC_7103	GCF_000331305.1	GCGC	41426	32958.0993306892	11584393	3559908	3554391	2229471	2234522	6101	0	0	3.57601818239419	1.25692927812211	0.385548490226365
