"spp"	"ID"	"palindrome"	"obs"	"markov3"	"genomesize"	"A"	"Th"	"C"	"G"	"N"	"pval"	"fdrs"	"frecObs"	"OE"	"GC"
Allocoleopsis_franciscana_PCC_7113_PCC_7113	GCF_000317515.1	GCGGC	7585	6530.09312044766	7966510	2140709	2144210	1842846	1838745	0	2.11461729695629e-37	1.42597412259141e-35	0.952110773726513	1.16154545733033	0.462133481286034
Calothrix_sp_NIES-2098_NIES-2098	GCF_002368175.1	GGCCC	1687	1092.47175524978	8878628	2607797	2614225	1829739	1826867	0	1.92980983231215e-62	3.70523487803933e-60	0.190006834389277	1.54420468254054	0.411843586644243
Calothrix_sp_PCC_7716_PCC_7716	GCF_019977735.1	GGGCC	750	379.200916878738	12367066	3817922	3794023	2374478	2380643	0	2.27895209424508e-63	4.77336875012789e-61	0.0606449419773453	1.97784331898079	0.384498716187008
Chondrocystis_sp_NIES-4102_NIES-4102	GCF_002368355.1	GGGCC	545	233.248065326508	5002520	1579848	1590642	915636	916394	0	9.70226116847642e-68	2.39507247130389e-65	0.108945091673796	2.33656814789478	0.366221424402101
Crocosphaera_subtropica_ATCC_51142_ATCC_51142	GCF_000017845.1	GCTGC	3763	2958.98430796278	5460377	1698570	1690034	1034562	1037211	0	6.45334178436414e-46	6.96960912711327e-44	0.689146555265323	1.27172016082464	0.379419406388973
Cyanobacterium_aponinum_PCC_10605_PCC_10605	GCF_000317675.1	CCGGG	1045	640.750403329413	4176973	1357200	1360697	731481	727595	0	1.17578087005289e-48	1.33229465144353e-46	0.250181171867762	1.63090026095974	0.349314204329307
Dactylococcopsis_salina_PCC_8305_PCC_8305	GCF_000317615.1	CACTG	4276	3459.49475785127	3781008	1092085	1084325	803512	801086	0	3.70254697655932e-41	3.34536009176184e-39	1.13091535378925	1.23601863835628	0.42438365642178
Fischerella_sp_NIES-3754_NIES-3754	GCF_001548455.1	GGCCC	940	596.068610303579	5826863	1723733	1715387	1192344	1195399	0	8.91640011128488e-39	6.8860511250504e-37	0.16132179527818	1.57699966707064	0.40978190151373
Geitlerinema_sp_PCC_7407_PCC_7407	GCF_000317045.1	CAATG	4606	3570.75603986344	4681111	970579	973810	1365855	1370867	0	5.1321823176044e-62	9.58747139980583e-60	0.983954450129467	1.28992290388345	0.584630870748418
Geminocystis_sp_NIES-3708_NIES-3708	GCF_001548095.1	CCGGG	651	339.218276227357	4042078	1366674	1370244	654553	650607	0	4.10126921632448e-51	4.9733285654798e-49	0.161055773787641	1.91911829527627	0.322893323681532
Gloeobacter_kilaueensis_JS1_JS1	GCF_000484535.1	AAATT	3576	2801.29451256365	4724791	931715	932838	1431757	1428481	0	5.18266794157278e-45	5.38685726498512e-43	0.756858874815838	1.27655267375916	0.605368152792367
Gloeothece_verrucosa_PCC_7822_PCC_7822	GCF_000147335.1	GCGGC	9753	6679.74062276017	7841948	2358436	2354903	1565567	1563042	0	2.29369372103038e-271	3.17080219995239e-267	1.24369608163686	1.46008663371871	0.398958141522999
Halomicronema_hongdechloris_C2206_C2206	GCF_002075285.3	CAATG	8132	6621.44100738358	5577845	1265160	1265863	1516587	1530235	0	3.75614158150164e-72	1.03849802445357e-69	1.45791071641467	1.22813145823273	0.546236404919821
Halothece_sp_PCC_7418_PCC_7418	GCF_000317635.1	GCAGC	4697	3826.67782803865	4179170	1199645	1185719	896769	897037	0	2.53998328790253e-42	2.3724816872949e-40	1.12390737873788	1.22743544428652	0.429225420358588
Leptodesmis_sichuanensis_PKUAC-SCTA121_PKUAC-SCTA121	GCF_021379005.1	GCCGC	7338	6152.79432975277	5348817	1328676	1328699	1341124	1350318	0	5.40811806936874e-49	6.33574781279267e-47	1.37189213988813	1.1926288458101	0.503184535945051
Leptolyngbya_sp_BL0902_BL0902	GCF_016403105.1	CAATG	6099	4779.82748882998	4710209	995278	999389	1355830	1359712	0	4.40207260131374e-75	1.26779690917836e-72	1.29484700148125	1.27598747324099	0.576522612903164
Leptolyngbya_sp_NIES-3755_NIES-3755	GCF_001548435.1	GCGGC	6731	5375.01490142094	6761657	1802088	1801838	1575323	1582407	1	3.98933566094794e-71	1.08134463092048e-68	0.99546605218218	1.25227559801194	0.467005419974042
Leptothermofonsia_sichuanensis_PKUAC-SCTE412_PKUAC-SCTE412	GCF_019891175.1	GCGGC	7248	6211.86512604824	6426061	1579487	1581674	1635410	1629490	0	7.5175265250892e-38	5.46959403593858e-36	1.12790712693204	1.16679931919432	0.508071740993433
Moorena_producens_PAL-8-15-08-1_PAL-8-15-08-1	GCF_001767235.1	CAGTG	9647	8403.50419864485	9708656	2737199	2746312	2113847	2110948	350	2.19834548301597e-40	1.91131622372408e-38	0.993649378451559	1.14797348486548	0.435173242376167
Nostoc_cf_commune_SO-36_SO-36	GCF_023734775.1	GGCCC	1496	978.691548938819	7408262	2170515	2174046	1533685	1530016	0	2.74086940682907e-53	3.54110081121542e-51	0.201936702562625	1.52857149080534	0.413551923514584
Nostoc_edaphicum_CCNP1411_CCNP1411	GCF_014023275.1	GGGCC	1761	1147.24831668937	8316316	2428205	2429312	1727952	1730847	0	1.77047981138847e-63	3.76540198655912e-61	0.211752415372384	1.53497719228018	0.415905191673813
Nostoc_flagelliforme_CCNUN1_CCNUN1	GCF_002813575.1	GGGCC	1922	1334.20073715756	10231233	2972783	2974654	2139123	2144673	0	1.10561810395183e-51	1.38946042445729e-49	0.187856145979668	1.44056283771414	0.418697922332528
Nostoc_punctiforme_PCC_73102_ATCC_29133_PCC_73102	GCF_000020025.1	GGGCC	1747	1188.37531899941	9059191	2658118	2654688	1873338	1873047	0	5.39108051854351e-52	6.83727496223354e-50	0.192842826693907	1.47007428719653	0.41354520508509
Nostoc_sp_Lobaria_pulmonaria_5183_cyanobiont_5183	GCF_002949795.1	GGGCC	1494	966.742031156364	7339908	2146883	2138779	1528860	1525385	1	1.03699439675656e-55	1.40543240595712e-53	0.203544785574969	1.54539675720208	0.416114945325602
Nostoc_sp_Peltigera_membranacea_cyanobiont_N6_N6	GCF_002949735.1	GGGCC	1758	1181.17719975501	8898590	2606437	2609313	1839855	1842985	0	2.24051184038092e-55	3.00707142538115e-53	0.197559388622242	1.48834569475658	0.41386781501339
Nostoc_sp_ATCC_53789_ATCC_53789	GCF_009873495.1	GGGCC	1838	1192.6695891032	8653730	2530171	2539914	1794144	1789501	0	2.83142451656916e-67	6.8669495643951e-65	0.212393961910067	1.54108062852684	0.414115647241132
Nostoc_sp_C052_C052	GCF_013393905.1	GGGCC	1981	1280.65574708621	9879831	2895458	2884259	2047979	2052135	0	1.75061780596959e-73	4.93888582647419e-71	0.200509502642302	1.54686378795178	0.414998394203302
Nostoc_sp_C057_C057	GCF_013393925.1	GGGCC	1888	1251.39360635044	9234448	2697407	2709551	1914903	1912587	0	4.86157022800125e-63	1.00307980346103e-60	0.204451852455068	1.50871795286389	0.414479566076933
Nostoc_sp_MS1_MS1	GCF_019976755.1	GGCCC	1431	863.224660590944	7901148	2348344	2350022	1604127	1598655	0	7.39776093137058e-70	1.89382679843087e-67	0.18111292181845	1.65773762651819	0.40535653806257
Nostoc_sp_NIES-3756_NIES-3756	GCF_001548375.1	GGGCC	1349	773.280819475064	6987571	2076063	2076101	1418054	1417353	0	2.55177529846701e-78	7.50547696298041e-76	0.193057072336009	1.74451501450115	0.405778631802095
Nostoc_sp_TCL240-02	GCF_013343235.1	GGGCC	1681	1114.83433819027	7887247	2316981	2313899	1625830	1630537	0	3.26787653534384e-56	4.51751252245933e-54	0.21312886486248	1.50784734773132	0.412864843715431
Nostoc_sp_TCL26-01_TCL26-01	GCF_013393945.1	GGCCC	1177	743.030430154893	7387676	2177561	2177055	1515408	1517652	0	6.80818526310656e-49	7.9089372333769e-47	0.159319385419718	1.58405356259049	0.410556716347604
Nostoc_sp_UHCC_0702_UHCC_0702	GCF_017164015.1	GGGCC	2031	1159.24388606721	8587404	2506095	2506759	1787666	1786884	0	1.8772778632436e-118	8.94878937292398e-116	0.236509194163917	1.75200406438222	0.416255017232216
Nostoc_sphaeroides_Kutzing_En	GCF_003443655.1	GGGCC	1460	951.782566922495	6684490	1955963	1947309	1389673	1391545	0	7.81609300914762e-53	1.0004599051709e-50	0.218416064651155	1.53396379671124	0.416070335956819
Nostoc_sphaeroides_CCNUC1	GCF_009372195.1	GGCCC	1857	1251.81650726203	9516388	2789938	2792309	1969009	1965132	0	1.66243669506837e-57	2.47113170673389e-55	0.195137062507329	1.48344425019736	0.413406956504926
Oscillatoria_acuminata_PCC_6304_PCC_6304	GCF_000317105.1	GGGCC	4430	3609.58521326826	7804270	2038820	2049663	1857369	1858418	0	5.72667358219824e-40	4.94784597501928e-38	0.567637972545799	1.22728782900485	0.476122302278112
Phormidium_yuhuli_AB48_AB48	GCF_023983615.1	GGCCC	6873	5579.29069213753	4799068	1158925	1161423	1239527	1239193	0	5.14726443714032e-63	1.04640858204453e-60	1.432153076389	1.23187702151558	0.516500287139086
Planktothrix_pseudagardhii_No713	GCF_904830925.1	GGCCC	1526	1046.93088697788	6654737	2015397	2017187	1311278	1310875	0	7.08832115064343e-44	6.94957103450317e-42	0.229310339386816	1.45759382876269	0.39402804348241
Pseudanabaena_sp_ABRG5-3_ABRG5-3	GCF_003967015.1	CCGGG	406	173.389822371595	5657972	1633547	1637249	1195328	1191848	0	3.45410234410208e-51	4.263349179006e-49	0.0717571596324619	2.34154458691292	0.421913717494537
Pseudanabaena_sp_PCC_7367_PCC_7367	GCF_000317065.1	CACTG	4931	3952.87927177704	4885680	1314560	1312767	1130783	1127570	0	5.28649580681062e-51	6.35482765507391e-49	1.00927608848717	1.24744513074472	0.462239237936173
Richelia_sinica_FACHB-800_FACHB_800	GCF_019056575.1	GGCCC	1591	1111.8098218697	5729487	1727184	1725871	1136223	1140209	0	9.93899812901097e-42	9.15978067569651e-40	0.277686291983907	1.43100013033206	0.397318643012891
Rippkaea_orientalis_PCC_8801_PCC_8801	GCF_000021805.1	GCTGC	3282	2512.76289513423	4787694	1441767	1442443	952377	951107	0	7.07998498655105e-49	8.15614270450681e-47	0.685507469775637	1.30613198975333	0.397578458439491
Stanieria_cyanosphaera_PCC_7437_PCC_7437	GCF_000317575.1	GCTGC	5748	4796.72683817035	5544990	1767264	1769151	1002535	1006040	0	9.25989470864159e-41	8.15342576129053e-39	1.03661142761303	1.19831714290249	0.362232393566084
Synechococcus_sp_Minos11_MINOS11	GCF_014279855.1	CATTG	3253	2575.64459686867	2284343	451372	451826	692085	689060	0	6.36187077192394e-38	4.65325405032151e-36	1.42404183609904	1.26298480929971	0.604613667912393
Synechococcus_sp_NIES-970_NIES-970	GCF_002356215.1	CATTG	5106	3736.70878538877	3123859	794091	785833	771315	772620	0	3.40441151459511e-100	1.14786792140885e-97	1.63451679477211	1.36644311699253	0.494239656783485
Synechococcus_sp_PCC_6312_PCC_6312	GCF_000316685.1	CCTGG	9518	7615.12190193525	3720499	954376	961506	898021	906596	0	3.23262234306151e-98	1.03925049466238e-95	2.55825898622739	1.24988150190756	0.485047032669542
Synechococcus_sp_PCC_7002_PCC_7002_ATCC_27264	GCF_000019485.1	CATTG	5687	4158.59542045871	3409935	865799	866890	838600	838646	0	7.09057813732e-112	3.1619403925907e-109	1.66777372589214	1.36752903925737	0.491870372895671
Synechococcus_sp_PCC_7003_PCC_7003	GCF_001693255.1	CATTG	5689	4182.54463032134	3345085	848666	848580	824647	823192	0	2.36199657476078e-108	9.32921161414086e-106	1.70070416745763	1.36017675908528	0.492614985867325
Synechococcus_sp_PCC_7117_PCC_7117	GCF_001693275.1	CATTG	5745	4195.705089103	3432101	874421	871614	843306	842760	0	7.60102989450686e-114	3.50255457538876e-111	1.67390178785531	1.36925734244783	0.491263514680949
Synechococcus_sp_PCC_73109_PCC_73109	GCF_001521855.1	CAATG	5537	4049.78132912106	3298676	835724	835233	813227	814492	0	7.61824706276667e-109	3.09748962928489e-106	1.67855224338492	1.36723431464921	0.493446158398097
Synechococcus_sp_PCC_8807_PCC_8807	GCF_001693295.1	CAATG	5525	4047.78238609068	3304088	836277	836562	814829	816420	0	1.56470017846106e-107	6.00844868529048e-105	1.672170959127	1.36494491872524	0.493706281430761
Synechocystis_sp_IPPAS_B-1465_IPPAS_B-1465	GCF_003015225.1	CAATG	8124	5852.53245443089	3950993	1038590	1040715	934089	937599	0	2.14321288848982e-173	4.2325392814976e-170	2.05619194971998	1.38811703536123	0.473725972179652
Synechocystis_sp_PCC_6714_PCC_6714	GCF_000478825.2	CAATG	8398	5958.6984122284	3738889	985000	976155	888450	889284	0	4.97334059322719e-195	2.29171534535909e-191	2.24612177574675	1.40936819067159	0.47547118943622
Synechocystis_sp_PCC_6803_PCC_6803	GCF_000009725.1	CATTG	8060	5803.77937140429	3947019	1037565	1039901	933284	936269	0	1.71009940127202e-172	2.36404141231844e-169	2.04204742870506	1.38875024087103	0.473662021895512
Synechocystis_sp_PCC_6803_GT-S	GCF_000270265.1	CAATG	7491	5374.15372389303	3571103	931704	934898	850968	853533	0	7.05847141947813e-164	6.09851930642911e-161	2.09767122370875	1.39389388262112	0.477303791013589
Synechocystis_sp_PCC_6803_PCC_6803_substr_GT-G	GCF_001318385.1	CAATG	7488	5373.90001674642	3569196	931026	934436	850661	853073	0	1.73313932758676e-163	1.14090086021711e-160	2.09795147142382	1.39340143595257	0.477343917229539
Synechocystis_sp_PCC_6803_PCC_6803_substr_GT-T	GCF_022869765.1	CAATG	7489	5374.00412881935	3569929	931239	934576	850830	853284	0	1.29477541505091e-163	1.05288090221552e-160	2.09780082461024	1.39356052218838	0.477352350705014
Synechocystis_sp_PCC_6803_substr_GT-I	GCF_000284135.1	CAATG	7489	5374.27312498475	3570004	931251	934596	850852	853305	0	1.43978487487172e-163	1.10575478390148e-160	2.09775675321372	1.39349077090704	0.477354367109953
Synechocystis_sp_PCC_6803_substr_PCC-N	GCF_000284215.1	CAATG	7489	5374.6444548204	3570103	931268	934635	850888	853312	0	1.66696300093482e-163	1.14090086021711e-160	2.09769858180562	1.39339449575744	0.477353174404212
Synechocystis_sp_PCC_6803_substr_PCC-P	GCF_000284455.1	CAATG	7489	5374.64445482968	3570114	931273	934640	850889	853312	0	1.66696623610497e-163	1.14090086021711e-160	2.09769211851498	1.39339449575504	0.477351983718167
Synechocystis_sp_PCC_7338_PCC_7338	GCF_018282115.1	CATTG	7998	5699.71699670904	3832803	1003500	999660	916199	913444	0	1.95701811893663e-181	6.763454619045e-178	2.08672347626528	1.40322756456469	0.477364216214608
Synechocystis_sp_PCC_7339_PCC_7339	GCF_019924095.1	CAATG	7966	5690.8599689781	3876863	1014678	1016886	924218	921081	0	2.82553602283416e-178	6.51003499660989e-175	2.05475406275641	1.39978844031027	0.475977355918948
Thermostichus_lividus_PCC_6715_PCC_6715	GCF_002754935.1	AAATT	3929	3185.73926468688	2659739	618651	617734	712290	711064	0	2.83145607946138e-37	1.89092023393595e-35	1.47721261371886	1.2333087153591	0.535147997604276
Thermosynechococcus_elongatus_PKUAC-SCTE542_PKUAC-SCTE542	GCF_003555505.1	AATTT	4331	3493.94096280114	2650294	617188	621084	704415	707607	0	1.00692390951575e-42	9.46919464295631e-41	1.63415832356712	1.2395744650842	0.532779382211936
Thermosynechococcus_sp_CL-1_CL-1	GCF_008386235.1	AATTT	4368	3486.33682728202	2647823	615940	615885	709339	706659	0	4.22651543831174e-47	4.71188301767915e-45	1.64965709565934	1.25289099028487	0.534778193255365
Thermosynechococcus_sp_HN-54_HN-54	GCF_023650955.1	AAATT	4416	3620.21597751229	2705963	634173	634630	719679	717481	0	9.92632224869882e-38	7.14695201906315e-36	1.63195136075401	1.21981672569562	0.531108518483069
Thermosynechococcus_sp_TA-1_TA-1	GCF_017086385.1	AATTT	4267	3429.93478314378	2658717	614256	619909	712402	712150	0	1.9854209003647e-43	1.91933276410081e-41	1.60490943564133	1.24404697750229	0.535804299592623
Thermosynechococcus_vestitus_BP-1_BP-1	GCF_000011345.1	CATTG	5415	4458.96317966886	2593857	598906	596397	698712	699842	0	5.9639252418675e-44	5.88895018168403e-42	2.08762472256566	1.2144078750617	0.53917929939854
Tolypothrix_sp_PCC_7910_PCC_7910	GCF_011769525.1	GGCCC	1993	1182.11902852484	8761534	2602021	2603489	1777600	1778424	0	2.4070057322064e-102	8.31861181050532e-100	0.227471582031183	1.68595543418928	0.405867739599025
Phormidium_sp_ETS-05_ETS-05	GCF_016446395.1	CGGCG	12310	10498.0093114366	6286783	1585611	1588215	1556273	1556683	1	9.12270423703631e-67	2.17434936849638e-64	1.95807617345787	1.17260326551524	0.49515889051028
