"spp"	"ID"	"palindrome"	"obs"	"markov3"	"genomesize"	"A"	"Th"	"C"	"G"	"N"	"pval"	"fdrs"	"frecObs"	"OE"	"GC"
Allocoleopsis_franciscana_PCC_7113_PCC_7113	GCF_000317515.1	GCGGC	7585	6530.09312044766	7966510	2140709	2144210	1842846	1838745	0	2.11461729695629e-37	1.42597412259141e-35	0.952110773726513	1.16154545733033	0.462133481286034
Calothrix_sp_NIES-2098_NIES-2098	GCF_002368175.1	GGGCC	1687	1097.10097075306	8878628	2607797	2614225	1829739	1826867	0	2.37985281588407e-61	4.27260848399759e-59	0.190006834389277	1.5376889137579	0.411843586644243
Calothrix_sp_NIES-2098_NIES-2098	GCF_002368175.1	GGCCC	1687	1092.47175524978	8878628	2607797	2614225	1829739	1826867	0	1.92980983231215e-62	3.70523487803933e-60	0.190006834389277	1.54420468254054	0.411843586644243
Calothrix_sp_PCC_7716_PCC_7716	GCF_019977735.1	GGGCC	750	379.200916878738	12367066	3817922	3794023	2374478	2380643	0	2.27895209424508e-63	4.77336875012789e-61	0.0606449419773453	1.97784331898079	0.384498716187008
Calothrix_sp_PCC_7716_PCC_7716	GCF_019977735.1	GGCCC	640	376.155873858981	12367066	3817922	3794023	2374478	2380643	0	2.78837958837804e-35	1.75211633771537e-33	0.0517503504873347	1.70142232110918	0.384498716187008
Chondrocystis_sp_NIES-4102_NIES-4102	GCF_002368355.1	GGGCC	545	233.248065326508	5002520	1579848	1590642	915636	916394	0	9.70226116847642e-68	2.39507247130389e-65	0.108945091673796	2.33656814789478	0.366221424402101
Chondrocystis_sp_NIES-4102_NIES-4102	GCF_002368355.1	GGCCC	535	238.144710321998	5002520	1579848	1590642	915636	916394	0	2.24250374336877e-61	4.07899628267498e-59	0.10694609916602	2.24653320779883	0.366221424402101
Chondrocystis_sp_NIES-4102_NIES-4102	GCF_002368355.1	GCAGC	5486	4585.2376144633	5002520	1579848	1590642	915636	916394	0	2.228322159683e-38	1.66509867759231e-36	1.09664728976596	1.19644835475819	0.366221424402101
Chondrocystis_sp_NIES-4102_NIES-4102	GCF_002368355.1	GCTGC	5568	4586.04187221376	5002520	1579848	1590642	915636	916394	0	5.37209614748182e-45	5.54207889125288e-43	1.11303902832972	1.21411887530635	0.366221424402101
Crocosphaera_subtropica_ATCC_51142_ATCC_51142	GCF_000017845.1	GCAGC	3732	2936.57275271158	5460377	1698570	1690034	1034562	1037211	0	2.53651220312651e-45	2.69728805354006e-43	0.683469291589207	1.27086924597865	0.379419406388973
Crocosphaera_subtropica_ATCC_51142_ATCC_51142	GCF_000017845.1	GCTGC	3763	2958.98430796278	5460377	1698570	1690034	1034562	1037211	0	6.45334178436414e-46	6.96960912711327e-44	0.689146555265323	1.27172016082464	0.379419406388973
Crocosphaera_subtropica_ATCC_51142_ATCC_51142	GCF_000017845.1	CAATG	7287	6108.63574598403	5460377	1698570	1690034	1034562	1037211	0	8.77688733592414e-49	1.00274124406459e-46	1.33452323896317	1.19290137814989	0.379419406388973
Crocosphaera_subtropica_ATCC_51142_ATCC_51142	GCF_000017845.1	CATTG	7080	6040.84998848387	5460377	1698570	1690034	1034562	1037211	0	5.00626032559951e-39	3.97738751385561e-37	1.29661376860975	1.17202049603899	0.379419406388973
Cyanobacterium_aponinum_PCC_10605_PCC_10605	GCF_000317675.1	GCCGC	1596	1159.02778017951	4176973	1357200	1360697	731481	727595	0	3.77838041346005e-34	2.33180048373534e-32	0.382094880670763	1.37701617449827	0.349314204329307
Cyanobacterium_aponinum_PCC_10605_PCC_10605	GCF_000317675.1	CAATG	4626	3820.97165453366	4176973	1357200	1360697	731481	727595	0	1.0127409987506e-36	6.66672931748969e-35	1.10750057517729	1.210686814311	0.349314204329307
Cyanobacterium_aponinum_PCC_10605_PCC_10605	GCF_000317675.1	CATTG	4545	3761.27614673069	4176973	1357200	1360697	731481	727595	0	1.88267231530177e-35	1.20491028179313e-33	1.08810854175979	1.2083664752854	0.349314204329307
Cyanobacterium_aponinum_PCC_10605_PCC_10605	GCF_000317675.1	CCGGG	1045	640.750403329413	4176973	1357200	1360697	731481	727595	0	1.17578087005289e-48	1.33229465144353e-46	0.250181171867762	1.63090026095974	0.349314204329307
Cyanobacterium_aponinum_PCC_10605_PCC_10605	GCF_000317675.1	CCCGG	995	635.353546107692	4176973	1357200	1360697	731481	727595	0	7.83346725844853e-40	6.72607772551506e-38	0.238210780869304	1.56605720719681	0.349314204329307
Dactylococcopsis_salina_PCC_8305_PCC_8305	GCF_000317615.1	CACTG	4276	3459.49475785127	3781008	1092085	1084325	803512	801086	0	3.70254697655932e-41	3.34536009176184e-39	1.13091535378925	1.23601863835628	0.42438365642178
Fischerella_sp_NIES-3754_NIES-3754	GCF_001548455.1	GGGCC	961	611.787400630635	5826863	1723733	1715387	1192344	1195399	0	5.36390296459254e-39	4.18929912895634e-37	0.164925792832267	1.57080711209383	0.40978190151373
Fischerella_sp_NIES-3754_NIES-3754	GCF_001548455.1	GGCCC	940	596.068610303579	5826863	1723733	1715387	1192344	1195399	0	8.91640011128488e-39	6.8860511250504e-37	0.16132179527818	1.57699966707064	0.40978190151373
Geitlerinema_sp_PCC_7407_PCC_7407	GCF_000317045.1	CAATG	4606	3570.75603986344	4681111	970579	973810	1365855	1370867	0	5.1321823176044e-62	9.58747139980583e-60	0.983954450129467	1.28992290388345	0.584630870748418
Geitlerinema_sp_PCC_7407_PCC_7407	GCF_000317045.1	CATTG	4602	3602.82266205838	4681111	970579	973810	1365855	1370867	0	1.29466331297563e-57	1.94537235201903e-55	0.983099952126749	1.27733181221048	0.584630870748418
Geminocystis_sp_NIES-3708_NIES-3708	GCF_001548095.1	CCGGG	651	339.218276227357	4042078	1366674	1370244	654553	650607	0	4.10126921632448e-51	4.9733285654798e-49	0.161055773787641	1.91911829527627	0.322893323681532
Geminocystis_sp_NIES-3708_NIES-3708	GCF_001548095.1	CCCGG	604	331.596775867934	4042078	1366674	1370244	654553	650607	0	3.59567899767251e-41	3.27017542525163e-39	0.149428091194678	1.82148936285363	0.322893323681532
Gloeobacter_kilaueensis_JS1_JS1	GCF_000484535.1	AAATT	3576	2801.29451256365	4724791	931715	932838	1431757	1428481	0	5.18266794157278e-45	5.38685726498512e-43	0.756858874815838	1.27655267375916	0.605368152792367
Gloeobacter_kilaueensis_JS1_JS1	GCF_000484535.1	AATTT	3494	2827.66509733676	4724791	931715	932838	1431757	1428481	0	6.76582708043385e-34	4.13853068849192e-32	0.739503609789301	1.2356484518944	0.605368152792367
Gloeothece_verrucosa_PCC_7822_PCC_7822	GCF_000147335.1	GCGGC	9753	6679.74062276017	7841948	2358436	2354903	1565567	1563042	0	2.29369372103038e-271	3.17080219995239e-267	1.24369608163686	1.46008663371871	0.398958141522999
Gloeothece_verrucosa_PCC_7822_PCC_7822	GCF_000147335.1	GCCGC	9809	6737.88551379218	7841948	2358436	2354903	1565567	1563042	0	5.71345401592201e-269	3.9491394158053e-265	1.25083716443924	1.45579796212348	0.398958141522999
Halomicronema_hongdechloris_C2206_C2206	GCF_002075285.3	CAATG	8132	6621.44100738358	5577845	1265160	1265863	1516587	1530235	0	3.75614158150164e-72	1.03849802445357e-69	1.45791071641467	1.22813145823273	0.546236404919821
Halomicronema_hongdechloris_C2206_C2206	GCF_002075285.3	CATTG	7710	6548.45244407533	5577845	1265160	1265863	1516587	1530235	0	1.3126945969982e-44	1.31497754412341e-42	1.38225425769271	1.17737741334223	0.546236404919821
Halothece_sp_PCC_7418_PCC_7418	GCF_000317635.1	GCAGC	4697	3826.67782803865	4179170	1199645	1185719	896769	897037	0	2.53998328790253e-42	2.3724816872949e-40	1.12390737873788	1.22743544428652	0.429225420358588
Halothece_sp_PCC_7418_PCC_7418	GCF_000317635.1	GCTGC	4506	3728.43780813225	4179170	1199645	1185719	896769	897037	0	3.24292789692516e-35	2.02851743199518e-33	1.07820452386479	1.20854905777744	0.429225420358588
Leptodesmis_sichuanensis_PKUAC-SCTA121_PKUAC-SCTA121	GCF_021379005.1	GCGGC	7517	6375.0591901747	5348817	1328676	1328699	1341124	1350318	0	2.78979121865864e-44	2.77453768393792e-42	1.40535748372023	1.17912630702869	0.503184535945051
Leptodesmis_sichuanensis_PKUAC-SCTA121_PKUAC-SCTA121	GCF_021379005.1	GCCGC	7338	6152.79432975277	5348817	1328676	1328699	1341124	1350318	0	5.40811806936874e-49	6.33574781279267e-47	1.37189213988813	1.1926288458101	0.503184535945051
Leptolyngbya_sp_BL0902_BL0902	GCF_016403105.1	AAATT	4968	4077.15696792679	4710209	995278	999389	1355830	1359712	0	9.4196785498001e-42	8.73943867600246e-40	1.05473026780765	1.21849613323232	0.576522612903164
Leptolyngbya_sp_BL0902_BL0902	GCF_016403105.1	AATTT	4920	4068.63636394562	4710209	995278	999389	1355830	1359712	0	1.75174756974961e-38	1.32328734449282e-36	1.04453963720081	1.20925036299601	0.576522612903164
Leptolyngbya_sp_BL0902_BL0902	GCF_016403105.1	CAATG	6099	4779.82748882998	4710209	995278	999389	1355830	1359712	0	4.40207260131374e-75	1.26779690917836e-72	1.29484700148125	1.27598747324099	0.576522612903164
Leptolyngbya_sp_BL0902_BL0902	GCF_016403105.1	CATTG	5876	4667.29465928377	4710209	995278	999389	1355830	1359712	0	3.7228624074673e-65	8.16902379695683e-63	1.24750303012032	1.25897343728063	0.576522612903164
Leptolyngbya_sp_NIES-3755_NIES-3755	GCF_001548435.1	GCGGC	6731	5375.01490142094	6761657	1802088	1801838	1575323	1582407	1	3.98933566094794e-71	1.08134463092048e-68	0.99546605218218	1.25227559801194	0.467005419974042
Leptolyngbya_sp_NIES-3755_NIES-3755	GCF_001548435.1	GCCGC	6494	5214.05429519832	6761657	1802088	1801838	1575323	1582407	1	1.26595215309554e-65	2.91675376073211e-63	0.960415472124658	1.24547993410433	0.467005419974042
Leptothermofonsia_sichuanensis_PKUAC-SCTE412_PKUAC-SCTE412	GCF_019891175.1	GCGGC	7248	6211.86512604824	6426061	1579487	1581674	1635410	1629490	0	7.5175265250892e-38	5.46959403593858e-36	1.12790712693204	1.16679931919432	0.508071740993433
Moorena_producens_PAL-8-15-08-1_PAL-8-15-08-1	GCF_001767235.1	CAATG	12005	10692.9101509615	9708656	2737199	2746312	2113847	2110948	350	7.38417290592918e-36	4.77003767530677e-34	1.2365254263824	1.12270652521292	0.435173242376167
Moorena_producens_PAL-8-15-08-1_PAL-8-15-08-1	GCF_001767235.1	CAGTG	9647	8403.50419864485	9708656	2737199	2746312	2113847	2110948	350	2.19834548301597e-40	1.91131622372408e-38	0.993649378451559	1.14797348486548	0.435173242376167
Moorena_producens_PAL-8-15-08-1_PAL-8-15-08-1	GCF_001767235.1	CACTG	9706	8539.16311094226	9708656	2737199	2746312	2113847	2110948	350	2.23296976784447e-35	1.41598963626981e-33	0.999726429693255	1.13664534497093	0.435173242376167
Nostoc_cf_commune_SO-36_SO-36	GCF_023734775.1	GGGCC	1438	988.479782065206	7408262	2170515	2174046	1533685	1530016	0	4.46207199748758e-41	3.97959247053344e-39	0.194107605805518	1.45475914236265	0.413551923514584
Nostoc_cf_commune_SO-36_SO-36	GCF_023734775.1	GGCCC	1496	978.691548938819	7408262	2170515	2174046	1533685	1530016	0	2.74086940682907e-53	3.54110081121542e-51	0.201936702562625	1.52857149080534	0.413551923514584
Nostoc_edaphicum_CCNP1411_CCNP1411	GCF_014023275.1	GGGCC	1761	1147.24831668937	8316316	2428205	2429312	1727952	1730847	0	1.77047981138847e-63	3.76540198655912e-61	0.211752415372384	1.53497719228018	0.415905191673813
Nostoc_edaphicum_CCNP1411_CCNP1411	GCF_014023275.1	GGCCC	1768	1157.64081137812	8316316	2428205	2429312	1727952	1730847	0	2.25676090641882e-62	4.27362503703203e-60	0.212594134229628	1.52724401439793	0.415905191673813
Nostoc_edaphicum_CCNP1411_CCNP1411	GCF_014023275.1	CATTG	10945	9742.72290076004	8316316	2428205	2429312	1727952	1730847	0	3.40263147999722e-33	2.01879732100779e-31	1.31608755607651	1.12340257559272	0.415905191673813
Nostoc_flagelliforme_CCNUN1_CCNUN1	GCF_002813575.1	GGGCC	1922	1334.20073715756	10231233	2972783	2974654	2139123	2144673	0	1.10561810395183e-51	1.38946042445729e-49	0.187856145979668	1.44056283771414	0.418697922332528
Nostoc_flagelliforme_CCNUN1_CCNUN1	GCF_002813575.1	GGCCC	1916	1331.95070128529	10231233	2972783	2974654	2139123	2144673	0	3.67793260663461e-51	4.49944604903689e-49	0.187269706398046	1.43849167852167	0.418697922332528
Nostoc_flagelliforme_CCNUN1_CCNUN1	GCF_002813575.1	CAATG	13216	11846.6318312448	10231233	2972783	2974654	2139123	2144673	0	2.308360847296e-35	1.45711325812877e-33	1.29173091845333	1.115591350205	0.418697922332528
Nostoc_punctiforme_PCC_73102_ATCC_29133_PCC_73102	GCF_000020025.1	GGGCC	1747	1188.37531899941	9059191	2658118	2654688	1873338	1873047	0	5.39108051854351e-52	6.83727496223354e-50	0.192842826693907	1.47007428719653	0.41354520508509
Nostoc_punctiforme_PCC_73102_ATCC_29133_PCC_73102	GCF_000020025.1	GGCCC	1722	1201.04259691131	9059191	2658118	2654688	1873338	1873047	0	1.96387030124352e-45	2.10453822049538e-43	0.19008319837831	1.43375431015388	0.41354520508509
Nostoc_sp_Lobaria_pulmonaria_5183_cyanobiont_5183	GCF_002949795.1	GGGCC	1494	966.742031156364	7339908	2146883	2138779	1528860	1525385	1	1.03699439675656e-55	1.40543240595712e-53	0.203544785574969	1.54539675720208	0.416114945325602
Nostoc_sp_Lobaria_pulmonaria_5183_cyanobiont_5183	GCF_002949795.1	GGCCC	1414	950.502850105109	7339908	2146883	2138779	1528860	1525385	1	7.70415664621374e-45	7.83104863803373e-43	0.192645466400941	1.48763362450058	0.416114945325602
Nostoc_sp_Peltigera_membranacea_cyanobiont_N6_N6	GCF_002949735.1	GGGCC	1758	1181.17719975501	8898590	2606437	2609313	1839855	1842985	0	2.24051184038092e-55	3.00707142538115e-53	0.197559388622242	1.48834569475658	0.41386781501339
Nostoc_sp_Peltigera_membranacea_cyanobiont_N6_N6	GCF_002949735.1	GGCCC	1752	1178.48630722082	8898590	2606437	2609313	1839855	1842985	0	6.56465738103222e-55	8.64284034622755e-53	0.196885124497252	1.48665282682127	0.41386781501339
Nostoc_sp_ATCC_53789_ATCC_53789	GCF_009873495.1	GGGCC	1838	1192.6695891032	8653730	2530171	2539914	1794144	1789501	0	2.83142451656916e-67	6.8669495643951e-65	0.212393961910067	1.54108062852684	0.414115647241132
Nostoc_sp_ATCC_53789_ATCC_53789	GCF_009873495.1	GGCCC	1829	1190.531259866	8653730	2530171	2539914	1794144	1789501	0	4.36383612754281e-66	1.02246899368054e-63	0.211353947950768	1.53628893390491	0.414115647241132
Nostoc_sp_C052_C052	GCF_013393905.1	GGGCC	1981	1280.65574708621	9879831	2895458	2884259	2047979	2052135	0	1.75061780596959e-73	4.93888582647419e-71	0.200509502642302	1.54686378795178	0.414998394203302
Nostoc_sp_C052_C052	GCF_013393905.1	GGCCC	1847	1261.27803113776	9879831	2895458	2884259	2047979	2052135	0	7.35132036945302e-54	9.58723139503006e-52	0.186946517607437	1.46438767218824	0.414998394203302
Nostoc_sp_C057_C057	GCF_013393925.1	GGGCC	1888	1251.39360635044	9234448	2697407	2709551	1914903	1912587	0	4.86157022800125e-63	1.00307980346103e-60	0.204451852455068	1.50871795286389	0.414479566076933
Nostoc_sp_C057_C057	GCF_013393925.1	GGCCC	1875	1251.64690249008	9234448	2697407	2709551	1914903	1912587	0	1.12712777678918e-60	1.97233093497893e-58	0.203044080165918	1.49802631738216	0.414479566076933
Nostoc_sp_MS1_MS1	GCF_019976755.1	GGGCC	1407	861.161645926985	7901148	2348344	2350022	1604127	1598655	0	3.1438303255044e-65	7.00972748706012e-63	0.178075388538476	1.63383960102572	0.40535653806257
Nostoc_sp_MS1_MS1	GCF_019976755.1	GGCCC	1431	863.224660590944	7901148	2348344	2350022	1604127	1598655	0	7.39776093137058e-70	1.89382679843087e-67	0.18111292181845	1.65773762651819	0.40535653806257
Nostoc_sp_NIES-3756_NIES-3756	GCF_001548375.1	GGGCC	1349	773.280819475064	6987571	2076063	2076101	1418054	1417353	0	2.55177529846701e-78	7.50547696298041e-76	0.193057072336009	1.74451501450115	0.405778631802095
Nostoc_sp_NIES-3756_NIES-3756	GCF_001548375.1	GGCCC	1288	770.534287961889	6987571	2076063	2076101	1418054	1417353	0	6.04390635041366e-65	1.30548377168935e-62	0.184327286262995	1.67156740475085	0.405778631802095
Nostoc_sp_TCL240-02	GCF_013343235.1	GGGCC	1681	1114.83433819027	7887247	2316981	2313899	1625830	1630537	0	3.26787653534384e-56	4.51751252245933e-54	0.21312886486248	1.50784734773132	0.412864843715431
Nostoc_sp_TCL240-02	GCF_013343235.1	GGCCC	1646	1091.96532209767	7887247	2316981	2313899	1625830	1630537	0	5.22436753856589e-55	6.94439008203221e-53	0.20869132157266	1.50737387597441	0.412864843715431
Nostoc_sp_TCL26-01_TCL26-01	GCF_013393945.1	GGGCC	1173	744.920743508223	7387676	2177561	2177055	1515408	1517652	0	1.28193110413864e-47	1.44076549460264e-45	0.158777943158309	1.5746641642381	0.410556716347604
Nostoc_sp_TCL26-01_TCL26-01	GCF_013393945.1	GGCCC	1177	743.030430154893	7387676	2177561	2177055	1515408	1517652	0	6.80818526310656e-49	7.9089372333769e-47	0.159319385419718	1.58405356259049	0.410556716347604
Nostoc_sp_TCL26-01_TCL26-01	GCF_013393945.1	CAATG	10057	8773.95380873306	7387676	2177561	2177055	1515408	1517652	0	3.57437489695185e-41	3.27017542525163e-39	1.3613212057486	1.14623352472974	0.410556716347604
Nostoc_sp_TCL26-01_TCL26-01	GCF_013393945.1	CATTG	9838	8652.51512843801	7387676	2177561	2177055	1515408	1517652	0	5.22548733929381e-36	3.40741212162253e-34	1.33167724193644	1.13701043615234	0.410556716347604
Nostoc_sp_UHCC_0702_UHCC_0702	GCF_017164015.1	GGGCC	2031	1159.24388606721	8587404	2506095	2506759	1787666	1786884	0	1.8772778632436e-118	8.94878937292398e-116	0.236509194163917	1.75200406438222	0.416255017232216
Nostoc_sp_UHCC_0702_UHCC_0702	GCF_017164015.1	GGCCC	1932	1154.65226975408	8587404	2506095	2506759	1787666	1786884	0	1.05919862597226e-96	3.32780950123647e-94	0.22498068100674	1.6732310242732	0.416255017232216
Nostoc_sp_UHCC_0702_UHCC_0702	GCF_017164015.1	CAATG	11114	9804.98983369289	8587404	2506095	2506759	1787666	1786884	0	1.24970533729446e-38	9.59773699042142e-37	1.294221163928	1.1335044899087	0.416255017232216
Nostoc_sphaeroides_Kutzing_En	GCF_003443655.1	GGGCC	1460	951.782566922495	6684490	1955963	1947309	1389673	1391545	0	7.81609300914762e-53	1.0004599051709e-50	0.218416064651155	1.53396379671124	0.416070335956819
Nostoc_sphaeroides_Kutzing_En	GCF_003443655.1	GGCCC	1358	929.926376351921	6684490	1955963	1947309	1389673	1391545	0	1.29703395484233e-39	1.08667862980245e-37	0.203156860134431	1.46033066115126	0.416070335956819
Nostoc_sphaeroides_CCNUC1	GCF_009372195.1	GGGCC	1718	1221.15467117045	9516388	2789938	2792309	1969009	1965132	0	3.92489195508556e-41	3.5232276874742e-39	0.18053068033796	1.40686519124832	0.413406956504926
Nostoc_sphaeroides_CCNUC1	GCF_009372195.1	GGCCC	1857	1251.81650726203	9516388	2789938	2792309	1969009	1965132	0	1.66243669506837e-57	2.47113170673389e-55	0.195137062507329	1.48344425019736	0.413406956504926
Nostoc_sphaeroides_CCNUC1	GCF_009372195.1	CAATG	12065	10773.9568121964	9516388	2789938	2792309	1969009	1965132	0	1.45402786090275e-34	9.05427078789174e-33	1.26781295592403	1.11982999470929	0.413406956504926
Oscillatoria_acuminata_PCC_6304_PCC_6304	GCF_000317105.1	GGGCC	4430	3609.58521326826	7804270	2038820	2049663	1857369	1858418	0	5.72667358219824e-40	4.94784597501928e-38	0.567637972545799	1.22728782900485	0.476122302278112
Oscillatoria_acuminata_PCC_6304_PCC_6304	GCF_000317105.1	GGCCC	4417	3605.0965089432	7804270	2038820	2049663	1857369	1858418	0	2.96895575372975e-39	2.45765534967426e-37	0.565972217773091	1.22520991852582	0.476122302278112
Oscillatoria_acuminata_PCC_6304_PCC_6304	GCF_000317105.1	CAATG	10434	9035.59292744958	7804270	2038820	2049663	1857369	1858418	0	4.613974489968e-47	5.10268666794541e-45	1.33696040757175	1.15476649775823	0.476122302278112
Phormidium_yuhuli_AB48_AB48	GCF_023983615.1	ATTAT	4293	3525.11352844624	4799068	1158925	1161423	1239527	1239193	0	3.65698000069703e-36	2.39592850851355e-34	0.894548691537607	1.21783311809881	0.516500287139086
Phormidium_yuhuli_AB48_AB48	GCF_023983615.1	GGGCC	6811	5566.15851849365	4799068	1158925	1161423	1239527	1239193	0	9.07661107112814e-59	1.37884693898105e-56	1.41923390124916	1.22364463343441	0.516500287139086
Phormidium_yuhuli_AB48_AB48	GCF_023983615.1	GGCCC	6873	5579.29069213753	4799068	1158925	1161423	1239527	1239193	0	5.14726443714032e-63	1.04640858204453e-60	1.432153076389	1.23187702151558	0.516500287139086
Planktothrix_pseudagardhii_No713	GCF_904830925.1	GGGCC	1517	1054.61322886529	6654737	2015397	2017187	1311278	1310875	0	6.40573450272809e-41	5.67646626703289e-39	0.227957919298689	1.43844203588478	0.39402804348241
Planktothrix_pseudagardhii_No713	GCF_904830925.1	GGCCC	1526	1046.93088697788	6654737	2015397	2017187	1311278	1310875	0	7.08832115064343e-44	6.94957103450317e-42	0.229310339386816	1.45759382876269	0.39402804348241
Pseudanabaena_sp_ABRG5-3_ABRG5-3	GCF_003967015.1	CCGGG	406	173.389822371595	5657972	1633547	1637249	1195328	1191848	0	3.45410234410208e-51	4.263349179006e-49	0.0717571596324619	2.34154458691292	0.421913717494537
Pseudanabaena_sp_ABRG5-3_ABRG5-3	GCF_003967015.1	CCCGG	370	171.242324317303	5657972	1633547	1637249	1195328	1191848	0	1.27074007279479e-39	1.07114090038507e-37	0.065394455822687	2.16068078657008	0.421913717494537
Pseudanabaena_sp_PCC_7367_PCC_7367	GCF_000317065.1	CAATG	7543	6326.38910477223	4885680	1314560	1312767	1130783	1127570	0	3.61188980571508e-50	4.26758672429105e-48	1.54389972327291	1.19230731386883	0.462239237936173
Pseudanabaena_sp_PCC_7367_PCC_7367	GCF_000317065.1	CAGTG	4840	3919.43562310338	4885680	1314560	1312767	1130783	1127570	0	6.10729720062263e-46	6.64781704735491e-44	0.990650226785217	1.23487166659156	0.462239237936173
Pseudanabaena_sp_PCC_7367_PCC_7367	GCF_000317065.1	CACTG	4931	3952.87927177704	4885680	1314560	1312767	1130783	1127570	0	5.28649580681062e-51	6.35482765507391e-49	1.00927608848717	1.24744513074472	0.462239237936173
Pseudanabaena_sp_PCC_7367_PCC_7367	GCF_000317065.1	CATTG	7559	6425.45009002337	4885680	1314560	1312767	1130783	1127570	0	2.24690675368305e-43	2.12748212074756e-41	1.54717460005567	1.17641564312151	0.462239237936173
Richelia_sinica_FACHB-800_FACHB_800	GCF_019056575.1	GGGCC	1524	1088.30826305563	5729487	1727184	1725871	1136223	1140209	0	7.9963766101923e-36	5.1414841981069e-34	0.265992400366734	1.40033853618008	0.397318643012891
Richelia_sinica_FACHB-800_FACHB_800	GCF_019056575.1	GGCCC	1591	1111.8098218697	5729487	1727184	1725871	1136223	1140209	0	9.93899812901097e-42	9.15978067569651e-40	0.277686291983907	1.43100013033206	0.397318643012891
Richelia_sinica_FACHB-800_FACHB_800	GCF_019056575.1	CAATG	7616	6538.28294060881	5729487	1727184	1725871	1136223	1140209	0	7.05390258881454e-39	5.47826681953777e-37	1.32926385905056	1.16483181734115	0.397318643012891
Richelia_sinica_FACHB-800_FACHB_800	GCF_019056575.1	CATTG	7603	6541.01529922886	5729487	1727184	1725871	1136223	1140209	0	8.03896665850671e-38	5.81835995220925e-36	1.32699489500543	1.1623577766125	0.397318643012891
Rippkaea_orientalis_PCC_8801_PCC_8801	GCF_000021805.1	GCAGC	3275	2549.28271126312	4787694	1441767	1442443	952377	951107	0	2.23164342404993e-43	2.12748212074756e-41	0.684045388030229	1.28467509136219	0.397578458439491
Rippkaea_orientalis_PCC_8801_PCC_8801	GCF_000021805.1	GCTGC	3282	2512.76289513423	4787694	1441767	1442443	952377	951107	0	7.07998498655105e-49	8.15614270450681e-47	0.685507469775637	1.30613198975333	0.397578458439491
Stanieria_cyanosphaera_PCC_7437_PCC_7437	GCF_000317575.1	GCAGC	5619	4775.99505554416	5544990	1767264	1769151	1002535	1006040	0	9.06149408687396e-33	5.30788534987058e-31	1.01334718367391	1.17650875569422	0.362232393566084
Stanieria_cyanosphaera_PCC_7437_PCC_7437	GCF_000317575.1	GCTGC	5748	4796.72683817035	5544990	1767264	1769151	1002535	1006040	0	9.25989470864159e-41	8.15342576129053e-39	1.03661142761303	1.19831714290249	0.362232393566084
Synechococcus_sp_Minos11_MINOS11	GCF_014279855.1	CAATG	3143	2521.91844543265	2284343	451372	451826	692085	689060	0	5.44876570197483e-33	3.21896312239744e-31	1.37588794677507	1.24627344936239	0.604613667912393
Synechococcus_sp_Minos11_MINOS11	GCF_014279855.1	CATTG	3253	2575.64459686867	2284343	451372	451826	692085	689060	0	6.36187077192394e-38	4.65325405032151e-36	1.42404183609904	1.26298480929971	0.604613667912393
Synechococcus_sp_NIES-970_NIES-970	GCF_002356215.1	CAATG	5131	3763.93051431666	3123859	794091	785833	771315	772620	0	2.95341858213445e-99	9.7209663046254e-97	1.642519716799	1.3632026363089	0.494239656783485
Synechococcus_sp_NIES-970_NIES-970	GCF_002356215.1	CATTG	5106	3736.70878538877	3123859	794091	785833	771315	772620	0	3.40441151459511e-100	1.14786792140885e-97	1.63451679477211	1.36644311699253	0.494239656783485
Synechococcus_sp_PCC_6312_PCC_6312	GCF_000316685.1	CAATG	5861	4944.50296588172	3720499	954376	961506	898021	906596	0	4.68883367012595e-37	3.10136060554168e-35	1.57532632047475	1.18535675687573	0.485047032669542
Synechococcus_sp_PCC_6312_PCC_6312	GCF_000316685.1	CATTG	5909	4973.16647761305	3720499	954376	961506	898021	906596	0	2.61314405702236e-38	1.94215609915468e-36	1.58822781567741	1.18817659263965	0.485047032669542
Synechococcus_sp_PCC_6312_PCC_6312	GCF_000316685.1	CCAGG	9462	7610.58361601234	3720499	954376	961506	898021	906596	0	2.54482436593796e-93	7.64775044233182e-91	2.54320724182428	1.24326864763595	0.485047032669542
Synechococcus_sp_PCC_6312_PCC_6312	GCF_000316685.1	CCTGG	9518	7615.12190193525	3720499	954376	961506	898021	906596	0	3.23262234306151e-98	1.03925049466238e-95	2.55825898622739	1.24988150190756	0.485047032669542
Synechococcus_sp_PCC_7002_PCC_7002_ATCC_27264	GCF_000019485.1	CAATG	5725	4197.12578118067	3409935	865799	866890	838600	838646	0	6.74006322186947e-111	2.91170731184761e-108	1.67891763332732	1.36402869451044	0.491870372895671
Synechococcus_sp_PCC_7002_PCC_7002_ATCC_27264	GCF_000019485.1	CATTG	5687	4158.59542045871	3409935	865799	866890	838600	838646	0	7.09057813732e-112	3.1619403925907e-109	1.66777372589214	1.36752903925737	0.491870372895671
Synechococcus_sp_PCC_7003_PCC_7003	GCF_001693255.1	CAATG	5667	4169.10088342345	3345085	848666	848580	824647	823192	0	1.63019016099462e-107	6.09074291502422e-105	1.69412735401343	1.35928588884291	0.492614985867325
Synechococcus_sp_PCC_7003_PCC_7003	GCF_001693255.1	CATTG	5689	4182.54463032134	3345085	848666	848580	824647	823192	0	2.36199657476078e-108	9.32921161414086e-106	1.70070416745763	1.36017675908528	0.492614985867325
Synechococcus_sp_PCC_7117_PCC_7117	GCF_001693275.1	CAATG	5734	4216.21236966042	3432101	874421	871614	843306	842760	0	4.24524899041871e-109	1.77837339525904e-106	1.67069675397082	1.35998842023743	0.491263514680949
Synechococcus_sp_PCC_7117_PCC_7117	GCF_001693275.1	CATTG	5745	4195.705089103	3432101	874421	871614	843306	842760	0	7.60102989450686e-114	3.50255457538876e-111	1.67390178785531	1.36925734244783	0.491263514680949
Synechococcus_sp_PCC_73109_PCC_73109	GCF_001521855.1	CAATG	5537	4049.78132912106	3298676	835724	835233	813227	814492	0	7.61824706276667e-109	3.09748962928489e-106	1.67855224338492	1.36723431464921	0.493446158398097
Synechococcus_sp_PCC_73109_PCC_73109	GCF_001521855.1	CATTG	5563	4084.3250410939	3298676	835724	835233	813227	814492	0	7.0284962991443e-107	2.55689296945713e-104	1.68643419359767	1.36203655292579	0.493446158398097
Synechococcus_sp_PCC_8807_PCC_8807	GCF_001693295.1	CAATG	5525	4047.78238609068	3304088	836277	836562	814829	816420	0	1.56470017846106e-107	6.00844868529048e-105	1.672170959127	1.36494491872524	0.493706281430761
Synechococcus_sp_PCC_8807_PCC_8807	GCF_001693295.1	CATTG	5496	4029.78121903541	3304088	836277	836562	814829	816420	0	1.83295742943625e-106	6.49712910372479e-104	1.66339395318769	1.36384575272688	0.493706281430761
Synechocystis_sp_IPPAS_B-1465_IPPAS_B-1465	GCF_003015225.1	CAATG	8124	5852.53245443089	3950993	1038590	1040715	934089	937599	0	2.14321288848982e-173	4.2325392814976e-170	2.05619194971998	1.38811703536123	0.473725972179652
Synechocystis_sp_IPPAS_B-1465_IPPAS_B-1465	GCF_003015225.1	CACTG	4471	3673.19381935638	3950993	1038590	1040715	934089	937599	0	2.09478774907112e-37	1.42597412259141e-35	1.13161425494806	1.21719686460308	0.473725972179652
Synechocystis_sp_IPPAS_B-1465_IPPAS_B-1465	GCF_003015225.1	CATTG	8059	5807.33274792335	3950993	1038590	1040715	934089	937599	0	9.48159178065539e-172	1.00825788289062e-168	2.03974038931479	1.38772829968832	0.473725972179652
Synechocystis_sp_IPPAS_B-1465_IPPAS_B-1465	GCF_003015225.1	CGGCG	4691	3641.66131854989	3950993	1038590	1040715	934089	937599	0	1.68086735779045e-62	3.27271976818241e-60	1.18729645939641	1.28814834485156	0.473725972179652
Synechocystis_sp_IPPAS_B-1465_IPPAS_B-1465	GCF_003015225.1	CGCCG	4618	3604.10842618959	3950993	1038590	1040715	934089	937599	0	3.47271898235619e-59	5.4553258195559e-57	1.16882009155673	1.28131550273096	0.473725972179652
Synechocystis_sp_IPPAS_B-1465_IPPAS_B-1465	GCF_003015225.1	CCTGG	7680	6603.62696517866	3950993	1038590	1040715	934089	937599	0	1.83503434998644e-38	1.37866928555503e-36	1.94381513710604	1.16299724991995	0.473725972179652
Synechocystis_sp_PCC_6714_PCC_6714	GCF_000478825.2	CAATG	8398	5958.6984122284	3738889	985000	976155	888450	889284	0	4.97334059322719e-195	2.29171534535909e-191	2.24612177574675	1.40936819067159	0.47547118943622
Synechocystis_sp_PCC_6714_PCC_6714	GCF_000478825.2	CAGTG	4151	3431.17794340818	3738889	985000	976155	888450	889284	0	6.41646689304669e-33	3.77452077997776e-31	1.11022284962191	1.20978861151014	0.47547118943622
Synechocystis_sp_PCC_6714_PCC_6714	GCF_000478825.2	CACTG	4324	3463.83731218236	3738889	985000	976155	888450	889284	0	3.0190404527423e-45	3.18589429150455e-43	1.15649327915325	1.24832652641983	0.47547118943622
Synechocystis_sp_PCC_6714_PCC_6714	GCF_000478825.2	CATTG	7951	5668.11854462846	3738889	985000	976155	888450	889284	0	4.68937986993342e-180	1.29651974643919e-176	2.12656754452994	1.40275824109836	0.47547118943622
Synechocystis_sp_PCC_6714_PCC_6714	GCF_000478825.2	CGGCG	4476	3457.22419112764	3738889	985000	976155	888450	889284	0	5.82856090333404e-62	1.07432034570253e-59	1.19714706694957	1.29468028468818	0.47547118943622
Synechocystis_sp_PCC_6714_PCC_6714	GCF_000478825.2	CGCCG	4571	3474.00848317063	3738889	985000	976155	888450	889284	0	9.19093243843322e-71	2.44337403901732e-68	1.22255568432227	1.31577111056107	0.47547118943622
Synechocystis_sp_PCC_6714_PCC_6714	GCF_000478825.2	CCTGG	7040	6025.97587889447	3738889	985000	976155	888450	889284	0	2.10091027401101e-37	1.42597412259141e-35	1.88291227688225	1.16827550283716	0.47547118943622
Synechocystis_sp_PCC_6803_PCC_6803	GCF_000009725.1	CAATG	8120	5851.18536008103	3947019	1037565	1039901	933284	936269	0	4.72457528240899e-173	7.65058296828437e-170	2.05724877432817	1.38775299367504	0.473662021895512
Synechocystis_sp_PCC_6803_PCC_6803	GCF_000009725.1	CACTG	4473	3672.18708766782	3947019	1037565	1039901	933284	936269	0	1.13014224961239e-37	8.01183920955981e-36	1.13326031620319	1.21807519421369	0.473662021895512
Synechocystis_sp_PCC_6803_PCC_6803	GCF_000009725.1	CATTG	8060	5803.77937140429	3947019	1037565	1039901	933284	936269	0	1.71009940127202e-172	2.36404141231844e-169	2.04204742870506	1.38875024087103	0.473662021895512
Synechocystis_sp_PCC_6803_PCC_6803	GCF_000009725.1	CGGCG	4685	3636.03009226238	3947019	1037565	1039901	933284	936269	0	1.51500801775455e-62	2.99192440534841e-60	1.18697173740486	1.28849318655802	0.473662021895512
Synechocystis_sp_PCC_6803_PCC_6803	GCF_000009725.1	CGCCG	4611	3598.51896373645	3947019	1037565	1039901	933284	936269	0	4.09024396218941e-59	6.3532059026187e-57	1.16822341113635	1.2813604837064	0.473662021895512
Synechocystis_sp_PCC_6803_PCC_6803	GCF_000009725.1	CCTGG	7674	6597.27718272151	3947019	1037565	1039901	933284	936269	0	1.61122391976451e-38	1.22382194872663e-36	1.94425210519635	1.16320715159558	0.473662021895512
Synechocystis_sp_PCC_6803_GT-S	GCF_000270265.1	CAATG	7491	5374.15372389303	3571103	931704	934898	850968	853533	0	7.05847141947813e-164	6.09851930642911e-161	2.09767122370875	1.39389388262112	0.477303791013589
Synechocystis_sp_PCC_6803_GT-S	GCF_000270265.1	CACTG	4172	3401.54257724638	3571103	931704	934898	850968	853533	0	1.46715378176378e-37	1.01919265724133e-35	1.16826649917406	1.22650236040183	0.477303791013589
Synechocystis_sp_PCC_6803_GT-S	GCF_000270265.1	CATTG	7406	5315.79466375202	3571103	931704	934898	850968	853533	0	1.3628435498117e-161	8.36294560539359e-159	2.07386905390295	1.3932065605357	0.477303791013589
Synechocystis_sp_PCC_6803_GT-S	GCF_000270265.1	CGGCG	4367	3377.28131722741	3571103	931704	934898	850968	853533	0	5.84413156123417e-60	9.85235057347575e-58	1.22287147696384	1.29305189287137	0.477303791013589
Synechocystis_sp_PCC_6803_GT-S	GCF_000270265.1	CGCCG	4312	3357.75121760678	3571103	931704	934898	850968	853533	0	2.4707090740115e-56	3.58498627137468e-54	1.20747007297185	1.28419281851184	0.477303791013589
Synechocystis_sp_PCC_6803_GT-S	GCF_000270265.1	CCAGG	6995	6034.78958938004	3571103	931704	934898	850968	853533	0	8.65518509489309e-34	5.17962245678797e-32	1.95877856225374	1.15911249205933	0.477303791013589
Synechocystis_sp_PCC_6803_GT-S	GCF_000270265.1	CCTGG	7227	6176.65700722915	3571103	931704	934898	850968	853533	0	4.8182245175827e-39	3.85012345266261e-37	2.02374448454721	1.17005039968085	0.477303791013589
Synechocystis_sp_PCC_6803_PCC_6803	GCF_000340785.1	CAATG	8124	5859.46711165399	3949306	1038305	1040083	933635	937283	0	3.16526565184576e-172	3.64638603092632e-169	2.05707028019606	1.38647420408625	0.473733359734596
Synechocystis_sp_PCC_6803_PCC_6803	GCF_000340785.1	CACTG	4473	3669.22647451986	3949306	1038305	1040083	933635	937283	0	5.89225626112339e-38	4.33268885924308e-36	1.13260405752302	1.21905803063991	0.473733359734596
Synechocystis_sp_PCC_6803_PCC_6803	GCF_000340785.1	CATTG	8066	5810.02499840361	3949306	1038305	1040083	933635	937283	0	2.70381899722915e-172	3.39796307433599e-169	2.04238415559595	1.38829006798013	0.473733359734596
Synechocystis_sp_PCC_6803_PCC_6803	GCF_000340785.1	CGGCG	4657	3626.65738451316	3949306	1038305	1040083	933635	937283	0	1.21675037458648e-60	2.10254464728543e-58	1.17919452177167	1.2841025512602	0.473733359734596
Synechocystis_sp_PCC_6803_PCC_6803	GCF_000340785.1	CGCCG	4625	3600.74525903289	3949306	1038305	1040083	933635	937283	0	2.31701766885755e-60	3.95437682151689e-58	1.17109183233712	1.2844563187017	0.473733359734596
Synechocystis_sp_PCC_6803_PCC_6803	GCF_000340785.1	CCTGG	7679	6593.83347945277	3949306	1038305	1040083	933635	937283	0	4.24918433647141e-39	3.47578250102845e-37	1.94439225524687	1.1645729337765	0.473733359734596
Synechocystis_sp_PCC_6803_PCC_6803_substr_GT-G	GCF_001318385.1	CAATG	7488	5373.90001674642	3569196	931026	934436	850661	853073	0	1.73313932758676e-163	1.14090086021711e-160	2.09795147142382	1.39340143595257	0.477343917229539
Synechocystis_sp_PCC_6803_PCC_6803_substr_GT-G	GCF_001318385.1	CACTG	4171	3400.18787223691	3569196	931026	934436	850661	853073	0	1.32299826509798e-37	9.33118776362982e-36	1.16861052180939	1.22669692285444	0.477343917229539
Synechocystis_sp_PCC_6803_PCC_6803_substr_GT-G	GCF_001318385.1	CATTG	7401	5312.53725718993	3569196	931026	934436	850661	853073	0	1.98964204756984e-161	1.01869672835576e-158	2.07357623397538	1.39311964165213	0.477343917229539
Synechocystis_sp_PCC_6803_PCC_6803_substr_GT-G	GCF_001318385.1	CGGCG	4367	3377.69134385359	3569196	931026	934436	850661	853073	0	6.59305038165498e-60	1.04761297098849e-57	1.22352484985414	1.29289492598152	0.477343917229539
Synechocystis_sp_PCC_6803_PCC_6803_substr_GT-G	GCF_001318385.1	CGCCG	4312	3357.76397682461	3569196	931026	934436	850661	853073	0	2.47955588337526e-56	3.58498627137468e-54	1.20811521698444	1.28418793868823	0.477343917229539
Synechocystis_sp_PCC_6803_PCC_6803_substr_GT-G	GCF_001318385.1	CCAGG	6991	6030.44948468293	3569196	931026	934436	850661	853073	0	7.82516328984455e-34	4.71341931386941e-32	1.95870442531035	1.15928340296305	0.477343917229539
Synechocystis_sp_PCC_6803_PCC_6803_substr_GT-G	GCF_001318385.1	CCTGG	7227	6174.78417455714	3569196	931026	934436	850661	853073	0	3.49453906013801e-39	2.87550642662785e-37	2.02482575907852	1.17040527987658	0.477343917229539
Synechocystis_sp_PCC_6803_PCC_6803	GCF_018845095.1	CAATG	8118	5849.63033875477	3947544	1037673	1039698	933299	936874	0	4.98084828664347e-173	7.65058296828437e-170	2.05646852827986	1.38778000145016	0.473756087329236
Synechocystis_sp_PCC_6803_PCC_6803	GCF_018845095.1	CACTG	4470	3671.1541261283	3947544	1037673	1039698	933299	936874	0	1.63405466412901e-37	1.12945858384597e-35	1.13234963308832	1.21760074527685	0.473756087329236
Synechocystis_sp_PCC_6803_PCC_6803	GCF_018845095.1	CATTG	8053	5804.86970171741	3947544	1037673	1039698	933299	936874	0	2.61175535454343e-171	2.57892185865774e-168	2.04000259401795	1.38728350743471	0.473756087329236
Synechocystis_sp_PCC_6803_PCC_6803	GCF_018845095.1	CGGCG	4687	3637.29038325144	3947544	1037673	1039698	933299	936874	0	1.31177039904212e-62	2.62810347773308e-60	1.18732052131655	1.28859659420709	0.473756087329236
Synechocystis_sp_PCC_6803_PCC_6803	GCF_018845095.1	CGCCG	4611	3600.6796251519	3947544	1037673	1039698	933299	936874	0	7.52618974503297e-59	1.15602274483706e-56	1.16806804433339	1.28059157715413	0.473756087329236
Synechocystis_sp_PCC_6803_PCC_6803	GCF_018845095.1	CCTGG	7677	6599.1290456245	3947544	1037673	1039698	933299	936874	0	1.38332129039817e-38	1.05652118886543e-36	1.94475349736444	1.16333533515156	0.473756087329236
Synechocystis_sp_PCC_6803_PCC_6803_substr_GT-T	GCF_022869765.1	CAATG	7489	5374.00412881935	3569929	931239	934576	850830	853284	0	1.29477541505091e-163	1.05288090221552e-160	2.09780082461024	1.39356052218838	0.477352350705014
Synechocystis_sp_PCC_6803_PCC_6803_substr_GT-T	GCF_022869765.1	CACTG	4171	3400.36688839398	3569929	931239	934576	850830	853284	0	1.37817814105396e-37	9.62218920299492e-36	1.16837057543721	1.22663234200883	0.477352350705014
Synechocystis_sp_PCC_6803_PCC_6803_substr_GT-T	GCF_022869765.1	CATTG	7405	5315.49979566757	3569929	931239	934576	850830	853284	0	1.69163326762049e-161	9.23323387373757e-159	2.07427094488434	1.39309571717705	0.477352350705014
Synechocystis_sp_PCC_6803_PCC_6803_substr_GT-T	GCF_022869765.1	CGGCG	4367	3377.35770600004	3569929	931239	934576	850830	853284	0	5.97673971292957e-60	9.95451202307692e-58	1.22327362813098	1.29302264674003	0.477352350705014
Synechocystis_sp_PCC_6803_PCC_6803_substr_GT-T	GCF_022869765.1	CGCCG	4312	3357.77800788243	3569929	931239	934576	850830	853284	0	2.48957379956575e-56	3.58498627137468e-54	1.20786715926283	1.28418257248619	0.477352350705014
Synechocystis_sp_PCC_6803_PCC_6803_substr_GT-T	GCF_022869765.1	CCAGG	6995	6033.69245705955	3569929	931239	934576	850830	853284	0	7.25732157476743e-34	4.40022866006951e-32	1.95942272241269	1.15932325848257	0.477352350705014
Synechocystis_sp_PCC_6803_PCC_6803_substr_GT-T	GCF_022869765.1	CCTGG	7227	6176.01997847112	3569929	931239	934576	850830	853284	0	4.31976953248356e-39	3.51273494217957e-37	2.02441000927469	1.17017108513128	0.477352350705014
Synechocystis_sp_PCC_6803_substr_GT-I	GCF_000284135.1	CAATG	7489	5374.27312498475	3570004	931251	934596	850852	853305	0	1.43978487487172e-163	1.10575478390148e-160	2.09775675321372	1.39349077090704	0.477354367109953
Synechocystis_sp_PCC_6803_substr_GT-I	GCF_000284135.1	CACTG	4172	3401.15315101435	3570004	931251	934596	850852	853305	0	1.34243101384085e-37	9.42018595702331e-36	1.16862614159536	1.22664279282918	0.477354367109953
Synechocystis_sp_PCC_6803_substr_GT-I	GCF_000284135.1	CATTG	7406	5316.40992769435	3570004	931251	934596	850852	853305	0	1.73657465796569e-161	9.23323387373757e-159	2.07450747954344	1.39304532583549	0.477354367109953
Synechocystis_sp_PCC_6803_substr_GT-I	GCF_000284135.1	CGGCG	4367	3377.42191172659	3570004	931251	934596	850852	853305	0	6.09076221163842e-60	1.00236543825821e-57	1.22324792913397	1.29299806602117	0.477354367109953
Synechocystis_sp_PCC_6803_substr_GT-I	GCF_000284135.1	CGCCG	4312	3357.98526537568	3570004	931251	934596	850852	853305	0	2.64131207983752e-56	3.7258671624157e-54	1.20784178393077	1.28410331172718	0.477354367109953
Synechocystis_sp_PCC_6803_substr_GT-I	GCF_000284135.1	CCAGG	6996	6033.87882272385	3570004	931251	934596	850852	853305	0	6.44201907404566e-34	3.95797651909365e-32	1.95966166984687	1.15945318186583	0.477354367109953
Synechocystis_sp_PCC_6803_substr_GT-I	GCF_000284135.1	CCTGG	7227	6176.05670554109	3570004	931251	934596	850852	853305	0	4.3470629864415e-39	3.51425723535482e-37	2.0243674797003	1.17016412649126	0.477354367109953
Synechocystis_sp_PCC_6803_substr_PCC-N	GCF_000284215.1	CAATG	7489	5374.6444548204	3570103	931268	934635	850888	853312	0	1.66696300093482e-163	1.14090086021711e-160	2.09769858180562	1.39339449575744	0.477353174404212
Synechocystis_sp_PCC_6803_substr_PCC-N	GCF_000284215.1	CACTG	4172	3400.36688848682	3570103	931268	934635	850888	853312	0	1.12186845866981e-37	7.99418226991721e-36	1.16859373525078	1.22692642788807	0.477353174404212
Synechocystis_sp_PCC_6803_substr_PCC-N	GCF_000284215.1	CATTG	7406	5315.95565361677	3570103	931268	934635	850888	853312	0	1.45189752537757e-161	8.36294560539359e-159	2.0744499528445	1.39316436828461	0.477353174404212
Synechocystis_sp_PCC_6803_substr_PCC-N	GCF_000284215.1	CGGCG	4367	3377.65074990575	3570103	931268	934635	850888	853312	0	6.51501213109912e-60	1.04725032209668e-57	1.22321400811125	1.2929104645061	0.477353174404212
Synechocystis_sp_PCC_6803_substr_PCC-N	GCF_000284215.1	CGCCG	4312	3357.93026081845	3570103	931268	934635	850888	853312	0	2.60017802511655e-56	3.70565577517641e-54	1.20780829012496	1.28412434597406	0.477353174404212
Synechocystis_sp_PCC_6803_substr_PCC-N	GCF_000284215.1	CCAGG	6995	6034.17500771955	3570103	931268	934635	850888	853312	0	7.8420604903788e-34	4.71341931386941e-32	1.95932722389242	1.15923054784643	0.477353174404212
Synechocystis_sp_PCC_6803_substr_PCC-N	GCF_000284215.1	CCTGG	7225	6175.26909471278	3570103	931268	934635	850888	853312	0	5.21245320950128e-39	4.09414506637192e-37	2.02375113547144	1.1699894999209	0.477353174404212
Synechocystis_sp_PCC_6803_substr_PCC-P	GCF_000284455.1	CAATG	7489	5374.64445482968	3570114	931273	934640	850889	853312	0	1.66696623610497e-163	1.14090086021711e-160	2.09769211851498	1.39339449575504	0.477351983718167
Synechocystis_sp_PCC_6803_substr_PCC-P	GCF_000284455.1	CACTG	4172	3400.36688849269	3570114	931273	934640	850889	853312	0	1.12186875026327e-37	7.99418226991721e-36	1.16859013465676	1.22692642788595	0.477351983718167
Synechocystis_sp_PCC_6803_substr_PCC-P	GCF_000284455.1	CATTG	7406	5315.95565362595	3570114	931273	934640	850889	853312	0	1.45190027871416e-161	8.36294560539359e-159	2.074443561186	1.3931643682822	0.477351983718167
Synechocystis_sp_PCC_6803_substr_PCC-P	GCF_000284455.1	CGGCG	4367	3377.49280004852	3570114	931273	934640	850889	853312	0	6.21917576903029e-60	1.01145748036559e-57	1.22321023922485	1.29297092800235	0.477351983718167
Synechocystis_sp_PCC_6803_substr_PCC-P	GCF_000284455.1	CGCCG	4312	3358.0238799349	3570114	931273	934640	850889	853312	0	2.67059271530989e-56	3.72911855519636e-54	1.20780456870565	1.28408854557747	0.477351983718167
Synechocystis_sp_PCC_6803_substr_PCC-P	GCF_000284455.1	CCAGG	6995	6033.61784997049	3570114	931273	934640	850889	853312	0	7.17091861731242e-34	4.3669946680937e-32	1.95932118694249	1.1593375937845	0.477351983718167
Synechocystis_sp_PCC_6803_substr_PCC-P	GCF_000284455.1	CCTGG	7226	6176.05885243955	3570114	931273	934640	850889	853312	0	5.09426197109118e-39	4.02417585647797e-37	2.02402500312315	1.17000180416767	0.477351983718167
Synechocystis_sp_PCC_7338_PCC_7338	GCF_018282115.1	CAATG	7995	5784.58050624924	3832803	1003500	999660	916199	913444	0	1.70913106221845e-166	1.57513518694053e-163	2.08594075928244	1.38212269521753	0.477364216214608
Synechocystis_sp_PCC_7338_PCC_7338	GCF_018282115.1	CAGTG	4481	3682.27920312075	3832803	1003500	999660	916199	913444	0	2.10521356561766e-37	1.42597412259141e-35	1.16911826670977	1.2169093522844	0.477364216214608
Synechocystis_sp_PCC_7338_PCC_7338	GCF_018282115.1	CACTG	4394	3636.45709737782	3832803	1003500	999660	916199	913444	0	2.50226345544791e-34	1.55117892413058e-32	1.14641947420726	1.20831894405366	0.477364216214608
Synechocystis_sp_PCC_7338_PCC_7338	GCF_018282115.1	CATTG	7998	5699.71699670904	3832803	1003500	999660	916199	913444	0	1.95701811893663e-181	6.763454619045e-178	2.08672347626528	1.40322756456469	0.477364216214608
Synechocystis_sp_PCC_7338_PCC_7338	GCF_018282115.1	CGGCG	4634	3533.74583235638	3832803	1003500	999660	916199	913444	0	4.35347191833348e-70	1.13551690186872e-67	1.20903683283487	1.31135633965784	0.477364216214608
Synechocystis_sp_PCC_7338_PCC_7338	GCF_018282115.1	CGCCG	4767	3717.96502796732	3832803	1003500	999660	916199	913444	0	2.48911896539569e-61	4.41148468943975e-59	1.24373728574101	1.28215299609911	0.477364216214608
Synechocystis_sp_PCC_7338_PCC_7338	GCF_018282115.1	CCAGG	7669	6637.26168226922	3832803	1003500	999660	916199	913444	0	2.07192132629839e-35	1.31991891312207e-33	2.00088551381326	1.1554463824271	0.477364216214608
Synechocystis_sp_PCC_7338_PCC_7338	GCF_018282115.1	CCTGG	7640	6548.7241764115	3832803	1003500	999660	916199	913444	0	9.40276815805076e-40	7.97447036913458e-38	1.99331924964576	1.16663945437178	0.477364216214608
Synechocystis_sp_PCC_7339_PCC_7339	GCF_019924095.1	CAATG	7966	5690.8599689781	3876863	1014678	1016886	924218	921081	0	2.82553602283416e-178	6.51003499660989e-175	2.05475406275641	1.39978844031027	0.475977355918948
Synechocystis_sp_PCC_7339_PCC_7339	GCF_019924095.1	CAGTG	4537	3724.5361173875	3876863	1014678	1016886	924218	921081	0	3.33466973567262e-38	2.46515906021061e-36	1.17027607114309	1.21813827467523	0.475977355918948
Synechocystis_sp_PCC_7339_PCC_7339	GCF_019924095.1	CACTG	4388	3643.45742800106	3876863	1014678	1016886	924218	921081	0	3.3344176388738e-33	1.98685299309446e-31	1.13184293589946	1.20435056171561	0.475977355918948
Synechocystis_sp_PCC_7339_PCC_7339	GCF_019924095.1	CATTG	8096	5904.93479707027	3876863	1014678	1016886	924218	921081	0	8.15368535502085e-161	4.02559094099315e-158	2.08828632840521	1.37105662945115	0.475977355918948
Synechocystis_sp_PCC_7339_PCC_7339	GCF_019924095.1	CGGCG	4674	3577.00486159614	3876863	1014678	1016886	924218	921081	0	5.89998512076148e-69	1.48293444198921e-66	1.20561392032682	1.3066798007969	0.475977355918948
Synechocystis_sp_PCC_7339_PCC_7339	GCF_019924095.1	CGCCG	4785	3700.10555142283	3876863	1014678	1016886	924218	921081	0	1.48277304662391e-65	3.36030403221787e-63	1.2342453163808	1.2932063514134	0.475977355918948
Synechocystis_sp_PCC_7339_PCC_7339	GCF_019924095.1	CCAGG	7720	6629.24368667189	3876863	1014678	1016886	924218	921081	0	2.77574452814753e-39	2.31155978054889e-37	1.99130069852868	1.16453706710482	0.475977355918948
Synechocystis_sp_PCC_7339_PCC_7339	GCF_019924095.1	CCTGG	7665	6562.5227034389	3876863	1014678	1016886	924218	921081	0	1.95843952992288e-40	1.71351063681353e-38	1.97711397075419	1.1679959592343	0.475977355918948
Thermostichus_lividus_PCC_6715_PCC_6715	GCF_002754935.1	AAATT	3929	3185.73926468688	2659739	618651	617734	712290	711064	0	2.83145607946138e-37	1.89092023393595e-35	1.47721261371886	1.2333087153591	0.535147997604276
Thermostichus_lividus_PCC_6715_PCC_6715	GCF_002754935.1	CATTG	4967	4124.66814972402	2659739	618651	617734	712290	711064	0	2.63210750461005e-37	1.76632301668589e-35	1.86747647043563	1.20421808972252	0.535147997604276
Thermosynechococcus_elongatus_PKUAC-SCTE542_PKUAC-SCTE542	GCF_003555505.1	AAATT	4354	3543.63504066511	2650294	617188	621084	704415	707607	0	9.39665037279924e-40	7.97447036913458e-38	1.64283660605201	1.22868183377676	0.532779382211936
Thermosynechococcus_elongatus_PKUAC-SCTE542_PKUAC-SCTE542	GCF_003555505.1	AATTT	4331	3493.94096280114	2650294	617188	621084	704415	707607	0	1.00692390951575e-42	9.46919464295631e-41	1.63415832356712	1.2395744650842	0.532779382211936
Thermosynechococcus_elongatus_PKUAC-SCTE542_PKUAC-SCTE542	GCF_003555505.1	CAATG	5478	4508.87764935247	2650294	617188	621084	704415	707607	0	1.27172207854575e-44	1.28323255575302e-42	2.06694049792212	1.21493649329489	0.532779382211936
Thermosynechococcus_elongatus_PKUAC-SCTE542_PKUAC-SCTE542	GCF_003555505.1	CATTG	5731	4672.50098905689	2650294	617188	621084	704415	707607	0	6.77177134514963e-51	8.07008336856452e-49	2.16240160525587	1.22653799612288	0.532779382211936
Thermosynechococcus_sp_CL-1_CL-1	GCF_008386235.1	AAATT	4262	3484.32855437261	2647823	615940	615885	709339	706659	0	2.04211431187476e-37	1.40448697748043e-35	1.60962420826468	1.22319119264785	0.534778193255365
Thermosynechococcus_sp_CL-1_CL-1	GCF_008386235.1	AATTT	4368	3486.33682728202	2647823	615940	615885	709339	706659	0	4.22651543831174e-47	4.71188301767915e-45	1.64965709565934	1.25289099028487	0.534778193255365
Thermosynechococcus_sp_CL-1_CL-1	GCF_008386235.1	CAATG	5657	4652.81732358103	2647823	615940	615885	709339	706659	0	2.45844482550346e-46	2.69726517998094e-44	2.13647211312841	1.21582250206335	0.534778193255365
Thermosynechococcus_sp_CL-1_CL-1	GCF_008386235.1	CATTG	5594	4607.40715275546	2647823	615940	615885	709339	706659	0	3.06819481770659e-45	3.21323675454363e-43	2.11267898194101	1.21413189990264	0.534778193255365
Thermosynechococcus_sp_HN-54_HN-54	GCF_023650955.1	AAATT	4416	3620.21597751229	2705963	634173	634630	719679	717481	0	9.92632224869882e-38	7.14695201906315e-36	1.63195136075401	1.21981672569562	0.531108518483069
Thermosynechococcus_sp_HN-54_HN-54	GCF_023650955.1	AATTT	4356	3584.08698657843	2705963	634173	634630	719679	717481	0	5.32014961286938e-36	3.45285203043691e-34	1.60977810856985	1.21537228764598	0.531108518483069
Thermosynechococcus_sp_HN-54_HN-54	GCF_023650955.1	CAATG	5728	4732.19270981853	2705963	634173	634630	719679	717481	0	6.16013723503096e-45	6.3079805286717e-43	2.11680647518092	1.21043253122709	0.531108518483069
Thermosynechococcus_sp_HN-54_HN-54	GCF_023650955.1	CATTG	5600	4681.9211700016	2705963	634173	634630	719679	717481	0	4.78897331274715e-39	3.84899808578004e-37	2.06950353718805	1.19609019388895	0.531108518483069
Thermosynechococcus_sp_TA-1_TA-1	GCF_017086385.1	AAATT	4165	3400.03498340337	2658717	614256	619909	712402	712150	0	4.25010653131274e-37	2.82468618696477e-35	1.56654506666185	1.22498739581524	0.535804299592623
Thermosynechococcus_sp_TA-1_TA-1	GCF_017086385.1	AATTT	4267	3429.93478314378	2658717	614256	619909	712402	712150	0	1.9854209003647e-43	1.91933276410081e-41	1.60490943564133	1.24404697750229	0.535804299592623
Thermosynechococcus_sp_TA-1_TA-1	GCF_017086385.1	CAATG	5582	4613.24698221479	2658717	614256	619909	712402	712150	0	1.09037126033068e-43	1.06149945794446e-41	2.09950889846494	1.20999374659974	0.535804299592623
Thermosynechococcus_sp_TA-1_TA-1	GCF_017086385.1	CATTG	5741	4633.57429661642	2658717	614256	619909	712402	712150	0	9.11370833885058e-56	1.24740499085416e-53	2.15931217952118	1.23900031217634	0.535804299592623
Thermosynechococcus_vestitus_BP-1_BP-1	GCF_000011345.1	CAATG	5568	4603.8785196432	2593857	598906	596397	698712	699842	0	2.19890497459332e-43	2.11094877560959e-41	2.14661024104259	1.20941505651012	0.53917929939854
Thermosynechococcus_vestitus_BP-1_BP-1	GCF_000011345.1	CATTG	5415	4458.96317966886	2593857	598906	596397	698712	699842	0	5.9639252418675e-44	5.88895018168403e-42	2.08762472256566	1.2144078750617	0.53917929939854
Tolypothrix_sp_PCC_7910_PCC_7910	GCF_011769525.1	GGGCC	1954	1174.37456756393	8761534	2602021	2603489	1777600	1778424	0	7.26375963283433e-96	2.23142695920671e-93	0.223020306717979	1.66386436999678	0.405867739599025
Tolypothrix_sp_PCC_7910_PCC_7910	GCF_011769525.1	GGCCC	1993	1182.11902852484	8761534	2602021	2603489	1777600	1778424	0	2.4070057322064e-102	8.31861181050532e-100	0.227471582031183	1.68595543418928	0.405867739599025
Phormidium_sp_ETS-05_ETS-05	GCF_016446395.1	CGGCG	12310	10498.0093114366	6286783	1585611	1588215	1556273	1556683	1	9.12270423703631e-67	2.17434936849638e-64	1.95807617345787	1.17260326551524	0.49515889051028
Phormidium_sp_ETS-05_ETS-05	GCF_016446395.1	CGCCG	11863	10303.22157749	6286783	1585611	1588215	1556273	1556683	1	3.09929623239071e-51	3.85988028077199e-49	1.88697462597325	1.15138744816648	0.49515889051028
