"spp"	"ID"	"palindrome"	"obs"	"markov3"	"genomesize"	"A"	"Th"	"C"	"G"	"N"	"pval"	"fdrs"	"frecObs"	"OE"	"GC"
Allocoleopsis_franciscana_PCC_7113_PCC_7113	GCF_000317515.1	GCGGC	7585	6530.09312044766	7966510	2140709	2144210	1842846	1838745	0	2.11461729695629e-37	1.53608655630378e-35	0.952110773726513	1.16154545733033	0.462133481286034
Calothrix_brevissima_NIES-22_NIES-22	GCF_002367995.1	CATTG	11878	10540.7040434047	9257480	2744334	2761229	1874422	1875617	1878	1.23523278133254e-37	9.3681795433573e-36	1.28307055483782	1.12686969969829	0.405164245394303
Calothrix_sp_NIES-2098_NIES-2098	GCF_002368175.1	GGGCC	1687	1097.10097075306	8878628	2607797	2614225	1829739	1826867	0	2.37985281588407e-61	4.6035445031753e-59	0.190006834389277	1.5376889137579	0.411843586644243
Calothrix_sp_NIES-2098_NIES-2098	GCF_002368175.1	GGCCC	1687	1092.47175524978	8878628	2607797	2614225	1829739	1826867	0	1.92980983231215e-62	3.9551911991769e-60	0.190006834389277	1.54420468254054	0.411843586644243
Calothrix_sp_NIES-2100_NIES-2100	GCF_002368195.1	CAATG	13547	11782.9289565206	9963103	2917620	2911681	2062817	2063640	7345	4.63327005817154e-57	7.38577567791493e-55	1.35971694762164	1.14971413729039	0.414479439938174
Calothrix_sp_PCC_7716_PCC_7716	GCF_019977735.1	GGGCC	750	379.200916878738	12367066	3817922	3794023	2374478	2380643	0	2.27895209424508e-63	5.03005631468248e-61	0.0606449419773453	1.97784331898079	0.384498716187008
Chamaesiphon_minutus_PCC_6605_PCC_6605	GCF_000317145.1	AGGCT	5516	4553.71853359184	6761765	1838722	1834836	1545099	1543008	100	1.3134898585616e-43	1.36223140993955e-41	0.815763339897201	1.2113177306216	0.456708074120797
Chondrocystis_sp_NIES-4102_NIES-4102	GCF_002368355.1	GCTGC	5568	4586.04187221376	5002520	1579848	1590642	915636	916394	0	5.37209614748182e-45	5.92859020993891e-43	1.11303902832972	1.21411887530635	0.366221424402101
Crocosphaera_subtropica_ATCC_51142_ATCC_51142	GCF_000017845.1	CAATG	7287	6108.63574598403	5460377	1698570	1690034	1034562	1037211	0	8.77688733592414e-49	1.07930637410907e-46	1.33452323896317	1.19290137814989	0.379419406388973
Cyanobacterium_aponinum_PCC_10605_PCC_10605	GCF_000317675.1	CAATG	4626	3820.97165453366	4176973	1357200	1360697	731481	727595	0	1.0127409987506e-36	7.17504075493432e-35	1.10750057517729	1.210686814311	0.349314204329307
Cylindrospermum_stagnale_PCC_7417_PCC_7417	GCF_000317535.1	GGGCC	1494	993.948848335953	7610589	2202263	2196338	1606737	1605051	200	1.70499235215147e-49	2.15831973048821e-47	0.196305437069325	1.50309545858544	0.422026784701807
Dactylococcopsis_salina_PCC_8305_PCC_8305	GCF_000317615.1	CACTG	4276	3459.49475785127	3781008	1092085	1084325	803512	801086	0	3.70254697655932e-41	3.54128048602474e-39	1.13091535378925	1.23601863835628	0.42438365642178
Fischerella_sp_NIES-3754_NIES-3754	GCF_001548455.1	GGGCC	961	611.787400630635	5826863	1723733	1715387	1192344	1195399	0	5.36390296459254e-39	4.43966122300121e-37	0.164925792832267	1.57080711209383	0.40978190151373
Fischerella_sp_NIES-4106_NIES-4106	GCF_002368315.1	GGCCC	1020	626.671266390327	7250844	2173915	2171423	1450629	1450314	4563	3.41147714743721e-47	4.0504821082951e-45	0.140673278862433	1.62764762755962	0.400335427235019
Geitlerinema_sp_PCC_7407_PCC_7407	GCF_000317045.1	CAATG	4606	3570.75603986344	4681111	970579	973810	1365855	1370867	0	5.1321823176044e-62	1.02739128813811e-59	0.983954450129467	1.28992290388345	0.584630870748418
Geminocystis_herdmanii_PCC_6308_PCC_6308	GCF_000332235.1	CCGGG	870	500.409587256914	4263418	1402199	1398894	730751	730574	1000	1.08890037535242e-50	1.39899319866173e-48	0.204061623795743	1.73857580301182	0.342839439961074
Geminocystis_sp_NIES-3708_NIES-3708	GCF_001548095.1	CCGGG	651	339.218276227357	4042078	1366674	1370244	654553	650607	0	4.10126921632448e-51	5.43134237140326e-49	0.161055773787641	1.91911829527627	0.322893323681532
Gloeobacter_kilaueensis_JS1_JS1	GCF_000484535.1	AAATT	3576	2801.29451256365	4724791	931715	932838	1431757	1428481	0	5.18266794157278e-45	5.75643943755594e-43	0.756858874815838	1.27655267375916	0.605368152792367
Gloeothece_verrucosa_PCC_7822_PCC_7822	GCF_000147335.1	GCCGC	9809	6737.88551379218	7841948	2358436	2354903	1565567	1563042	0	5.71345401592201e-269	4.91814121690567e-265	1.25083716443924	1.45579796212348	0.398958141522999
Halomicronema_hongdechloris_C2206_C2206	GCF_002075285.3	CAATG	8132	6621.44100738358	5577845	1265160	1265863	1516587	1530235	0	3.75614158150164e-72	1.09602938079885e-69	1.45791071641467	1.22813145823273	0.546236404919821
Halothece_sp_PCC_7418_PCC_7418	GCF_000317635.1	GCAGC	4697	3826.67782803865	4179170	1199645	1185719	896769	897037	0	2.53998328790253e-42	2.54234606305406e-40	1.12390737873788	1.22743544428652	0.429225420358588
Leptodesmis_sichuanensis_PKUAC-SCTA121_PKUAC-SCTA121	GCF_021379005.1	GCGGC	7517	6375.0591901747	5348817	1328676	1328699	1341124	1350318	0	2.78979121865864e-44	2.98317053543026e-42	1.40535748372023	1.17912630702869	0.503184535945051
Leptolyngbya_sp_BL0902_BL0902	GCF_016403105.1	CAATG	6099	4779.82748882998	4710209	995278	999389	1355830	1359712	0	4.40207260131374e-75	1.32958038428451e-72	1.29484700148125	1.27598747324099	0.576522612903164
Leptolyngbya_sp_NIES-3755_NIES-3755	GCF_001548435.1	GCGGC	6731	5375.01490142094	6761657	1802088	1801838	1575323	1582407	1	3.98933566094794e-71	1.14467337898133e-68	0.99546605218218	1.25227559801194	0.467005419974042
Leptothermofonsia_sichuanensis_PKUAC-SCTE412_PKUAC-SCTE412	GCF_019891175.1	GCGGC	7248	6211.86512604824	6426061	1579487	1581674	1635410	1629490	0	7.5175265250892e-38	5.85618717900161e-36	1.12790712693204	1.16679931919432	0.508071740993433
Moorena_producens_PAL-8-15-08-1_PAL-8-15-08-1	GCF_001767235.1	CAATG	12005	10692.9101509615	9708656	2737199	2746312	2113847	2110948	350	7.38417290592918e-36	5.12604519147084e-34	1.2365254263824	1.12270652521292	0.435173242376167
Nostoc_cf_commune_SO-36_SO-36	GCF_023734775.1	GGCCC	1496	978.691548938819	7408262	2170515	2174046	1533685	1530016	0	2.74086940682907e-53	3.8363258299162e-51	0.201936702562625	1.52857149080534	0.413551923514584
Nostoc_edaphicum_CCNP1411_CCNP1411	GCF_014023275.1	CATTG	10945	9742.72290076004	8316316	2428205	2429312	1727952	1730847	0	3.40263147999722e-33	2.1536655720453e-31	1.31608755607651	1.12340257559272	0.415905191673813
Nostoc_flagelliforme_CCNUN1_CCNUN1	GCF_002813575.1	CAATG	13216	11846.6318312448	10231233	2972783	2974654	2139123	2144673	0	2.308360847296e-35	1.57078025087146e-33	1.29173091845333	1.115591350205	0.418697922332528
Nostoc_linckia_NIES-25_NIES-25	GCF_002368035.1	CAATG	10820	9483.22602351417	8590040	2520048	2524735	1770009	1770407	4841	2.10805073671957e-41	2.06205690246387e-39	1.25959832550256	1.14096194408646	0.412386014581607
Nostoc_piscinale_CENA21_CENA21	GCF_001298445.1	GGCCC	1231	839.549564177967	7094556	2107623	2110272	1437468	1438706	482	8.79899662024364e-37	6.25964982702952e-35	0.173513324864868	1.46626244896609	0.405433609399627
Nostoc_punctiforme_PCC_73102_ATCC_29133_PCC_73102	GCF_000020025.1	GGGCC	1747	1188.37531899941	9059191	2658118	2654688	1873338	1873047	0	5.39108051854351e-52	7.42502737657961e-50	0.192842826693907	1.47007428719653	0.41354520508509
Nostoc_sp_Lobaria_pulmonaria_5183_cyanobiont_5183	GCF_002949795.1	GGGCC	1494	966.742031156364	7339908	2146883	2138779	1528860	1525385	1	1.03699439675656e-55	1.5129572486916e-53	0.203544785574969	1.54539675720208	0.416114945325602
Nostoc_sp_Peltigera_membranacea_cyanobiont_N6_N6	GCF_002949735.1	GGGCC	1758	1181.17719975501	8898590	2606437	2609313	1839855	1842985	0	2.24051184038092e-55	3.24139931462168e-53	0.197559388622242	1.48834569475658	0.41386781501339
Nostoc_sp_ATCC_53789_ATCC_53789	GCF_009873495.1	GGGCC	1838	1192.6695891032	8653730	2530171	2539914	1794144	1789501	0	2.83142451656916e-67	7.16850065841981e-65	0.212393961910067	1.54108062852684	0.414115647241132
Nostoc_sp_C052_C052	GCF_013393905.1	GGGCC	1981	1280.65574708621	9879831	2895458	2884259	2047979	2052135	0	1.75061780596959e-73	5.19631657716765e-71	0.200509502642302	1.54686378795178	0.414998394203302
Nostoc_sp_C057_C057	GCF_013393925.1	GGGCC	1888	1251.39360635044	9234448	2697407	2709551	1914903	1912587	0	4.86157022800125e-63	1.0594530765224e-60	0.204451852455068	1.50871795286389	0.414479566076933
Nostoc_sp_MS1_MS1	GCF_019976755.1	GGCCC	1431	863.224660590944	7901148	2348344	2350022	1604127	1598655	0	7.39776093137058e-70	1.98999769053869e-67	0.18111292181845	1.65773762651819	0.40535653806257
Nostoc_sp_NIES-2111_NIES-2111	GCF_002368215.1	GGCCC	1459	842.367898778595	7876755	2340575	2338727	1597246	1597694	2513	1.35465262045321e-82	4.31883324328193e-80	0.185228561761792	1.73202231722683	0.405745721302444
Nostoc_sp_NIES-3756_NIES-3756	GCF_001548375.1	GGGCC	1349	773.280819475064	6987571	2076063	2076101	1418054	1417353	0	2.55177529846701e-78	7.84488634614429e-76	0.193057072336009	1.74451501450115	0.405778631802095
Nostoc_sp_NIES-4103_NIES-4103	GCF_002368335.1	CAATG	11175	9903.31697477558	8590607	2517725	2519720	1762184	1760508	30470	2.78445409711385e-36	1.96463777606197e-34	1.30083939353762	1.12840980738711	0.411522852963685
Nostoc_sp_TCL240-02	GCF_013343235.1	GGGCC	1681	1114.83433819027	7887247	2316981	2313899	1625830	1630537	0	3.26787653534384e-56	4.84997952004134e-54	0.21312886486248	1.50784734773132	0.412864843715431
Nostoc_sp_TCL26-01_TCL26-01	GCF_013393945.1	CAATG	10057	8773.95380873306	7387676	2177561	2177055	1515408	1517652	0	3.57437489695185e-41	3.45827986725866e-39	1.3613212057486	1.14623352472974	0.410556716347604
Nostoc_sp_UHCC_0702_UHCC_0702	GCF_017164015.1	CAATG	11114	9804.98983369289	8587404	2506095	2506759	1787666	1786884	0	1.24970533729446e-38	1.01966479084651e-36	1.294221163928	1.1335044899087	0.416255017232216
Nostoc_sphaeroides_Kutzing_En	GCF_003443655.1	GGGCC	1460	951.782566922495	6684490	1955963	1947309	1389673	1391545	0	7.81609300914762e-53	1.08517626810875e-50	0.218416064651155	1.53396379671124	0.416070335956819
Nostoc_sphaeroides_CCNUC1	GCF_009372195.1	CAATG	12065	10773.9568121964	9516388	2789938	2792309	1969009	1965132	0	1.45402786090275e-34	9.7402893592614e-33	1.26781295592403	1.11982999470929	0.413406956504926
Oscillatoria_acuminata_PCC_6304_PCC_6304	GCF_000317105.1	CAATG	10434	9035.59292744958	7804270	2038820	2049663	1857369	1858418	0	4.613974489968e-47	5.40368604212851e-45	1.33696040757175	1.15476649775823	0.476122302278112
Phormidium_yuhuli_AB48_AB48	GCF_023983615.1	GGCCC	6873	5579.29069213753	4799068	1158925	1161423	1239527	1239193	0	5.14726443714032e-63	1.1076913068726e-60	1.432153076389	1.23187702151558	0.516500287139086
Planktothrix_pseudagardhii_No713	GCF_904830925.1	GGCCC	1526	1046.93088697788	6654737	2015397	2017187	1311278	1310875	0	7.08832115064343e-44	7.44100834935837e-42	0.229310339386816	1.45759382876269	0.39402804348241
Planktothrix_tepida_PCC9214	GCF_904830955.1	GGCCC	1554	1047.80507436773	6791916	2051010	2057116	1340717	1343073	0	2.09415371953375e-48	2.5389401715136e-46	0.228801416271933	1.4831002807824	0.395144757385103
Pseudanabaena_sp_ABRG5-3_ABRG5-3	GCF_003967015.1	CCGGG	406	173.389822371595	5657972	1633547	1637249	1195328	1191848	0	3.45410234410208e-51	4.6457676528173e-49	0.0717571596324619	2.34154458691292	0.421913717494537
Pseudanabaena_sp_PCC_7367_PCC_7367	GCF_000317065.1	CATTG	7559	6425.45009002337	4885680	1314560	1312767	1130783	1127570	0	2.24690675368305e-43	2.27545568655337e-41	1.54717460005567	1.17641564312151	0.462239237936173
Richelia_sinica_FACHB-800_FACHB_800	GCF_019056575.1	CAATG	7616	6538.28294060881	5729487	1727184	1725871	1136223	1140209	0	7.05390258881454e-39	5.81052569229814e-37	1.32926385905056	1.16483181734115	0.397318643012891
Rippkaea_orientalis_PCC_8801_PCC_8801	GCF_000021805.1	GCTGC	3282	2512.76289513423	4787694	1441767	1442443	952377	951107	0	7.07998498655105e-49	8.76899435456568e-47	0.685507469775637	1.30613198975333	0.397578458439491
Stanieria_cyanosphaera_PCC_7437_PCC_7437	GCF_000317575.1	GCTGC	5748	4796.72683817035	5544990	1767264	1769151	1002535	1006040	0	9.25989470864159e-41	8.66404061434639e-39	1.03661142761303	1.19831714290249	0.362232393566084
Synechococcus_sp_Minos11_MINOS11	GCF_014279855.1	CATTG	3253	2575.64459686867	2284343	451372	451826	692085	689060	0	6.36187077192394e-38	4.97845305497466e-36	1.42404183609904	1.26298480929971	0.604613667912393
Synechococcus_sp_NIES-970_NIES-970	GCF_002356215.1	CAATG	5131	3763.93051431666	3123859	794091	785833	771315	772620	0	2.95341858213445e-99	1.05929279812556e-96	1.642519716799	1.3632026363089	0.494239656783485
Synechococcus_sp_PCC_11901_PCC_11901	GCF_005577135.1	CAATG	5882	4287.67396589918	3471813	880885	883001	853793	853856	278	8.1691534721955e-118	4.13647488756817e-115	1.69421567348241	1.37183938116117	0.491900268901221
Synechococcus_sp_PCC_6312_PCC_6312	GCF_000316685.1	CCTGG	9518	7615.12190193525	3720499	954376	961506	898021	906596	0	3.23262234306151e-98	1.13577196445198e-95	2.55825898622739	1.24988150190756	0.485047032669542
Synechococcus_sp_PCC_7002_PCC_7002_ATCC_27264	GCF_000019485.1	CAATG	5725	4197.12578118067	3409935	865799	866890	838600	838646	0	6.74006322186947e-111	3.13613320074878e-108	1.67891763332732	1.36402869451044	0.491870372895671
Synechococcus_sp_PCC_7003_PCC_7003	GCF_001693255.1	CATTG	5689	4182.54463032134	3345085	848666	848580	824647	823192	0	2.36199657476078e-108	1.01660332577704e-105	1.70070416745763	1.36017675908528	0.492614985867325
Synechococcus_sp_PCC_7117_PCC_7117	GCF_001693275.1	CATTG	5745	4195.705089103	3432101	874421	871614	843306	842760	0	7.60102989450686e-114	3.73883801896658e-111	1.67390178785531	1.36925734244783	0.491263514680949
Synechococcus_sp_PCC_73109_PCC_73109	GCF_001521855.1	CATTG	5563	4084.3250410939	3298676	835724	835233	813227	814492	0	7.0284962991443e-107	2.75005891559246e-104	1.68643419359767	1.36203655292579	0.493446158398097
Synechococcus_sp_PCC_8807_PCC_8807	GCF_001693295.1	CAATG	5525	4047.78238609068	3304088	836277	836562	814829	816420	0	1.56470017846106e-107	6.57021421277699e-105	1.672170959127	1.36494491872524	0.493706281430761
Synechocystis_sp_CACIAM_05_CACIAM_05	GCF_010222815.1	CAATG	7585	5441.00879614082	3580992	931784	934495	853736	855130	5839	5.23151475476173e-166	5.29798576576341e-163	2.11812816113524	1.39404295861089	0.477985088716681
Synechocystis_sp_IPPAS_B-1465_IPPAS_B-1465	GCF_003015225.1	CAATG	8124	5852.53245443089	3950993	1038590	1040715	934089	937599	0	2.14321288848982e-173	5.27107901260581e-170	2.05619194971998	1.38811703536123	0.473725972179652
Synechocystis_sp_PCC_6714_PCC_6714	GCF_000478825.2	CAATG	8398	5958.6984122284	3738889	985000	976155	888450	889284	0	4.97334059322719e-195	2.85403438843331e-191	2.24612177574675	1.40936819067159	0.47547118943622
Synechocystis_sp_PCC_6803_PCC_6803	GCF_000009725.1	CAATG	8120	5851.18536008103	3947019	1037565	1039901	933284	936269	0	4.72457528240899e-173	9.52780934476156e-170	2.05724877432817	1.38775299367504	0.473662021895512
Synechocystis_sp_PCC_6803_GT-S	GCF_000270265.1	CAATG	7491	5374.15372389303	3571103	931704	934898	850968	853533	0	7.05847141947813e-164	6.75103577542975e-161	2.09767122370875	1.39389388262112	0.477303791013589
Synechocystis_sp_PCC_6803_PCC_6803_substr_GT-G	GCF_001318385.1	CAATG	7488	5373.90001674642	3569196	931026	934436	850661	853073	0	1.73313932758676e-163	1.29729246364059e-160	2.09795147142382	1.39340143595257	0.477343917229539
Synechocystis_sp_PCC_6803_PCC_6803_substr_GT-T	GCF_022869765.1	CAATG	7489	5374.00412881935	3569929	931239	934576	850830	853284	0	1.29477541505091e-163	1.17320281818508e-160	2.09780082461024	1.39356052218838	0.477352350705014
Synechocystis_sp_PCC_6803_substr_GT-I	GCF_000284135.1	CAATG	7489	5374.27312498475	3570004	931251	934596	850852	853305	0	1.43978487487172e-163	1.23936682028958e-160	2.09775675321372	1.39349077090704	0.477354367109953
Synechocystis_sp_PCC_6803_substr_PCC-N	GCF_000284215.1	CAATG	7489	5374.6444548204	3570103	931268	934635	850888	853312	0	1.66696300093482e-163	1.29729246364059e-160	2.09769858180562	1.39339449575744	0.477353174404212
Synechocystis_sp_PCC_6803_substr_PCC-P	GCF_000284455.1	CAATG	7489	5374.64445482968	3570114	931273	934640	850889	853312	0	1.66696623610497e-163	1.29729246364059e-160	2.09769211851498	1.39339449575504	0.477351983718167
Synechocystis_sp_PCC_7338_PCC_7338	GCF_018282115.1	CATTG	7998	5699.71699670904	3832803	1003500	999660	916199	913444	0	1.95701811893663e-181	8.42300598390327e-178	2.08672347626528	1.40322756456469	0.477364216214608
Synechocystis_sp_PCC_7339_PCC_7339	GCF_019924095.1	CATTG	8096	5904.93479707027	3876863	1014678	1016886	924218	921081	0	8.15368535502085e-161	4.67912823573463e-158	2.08828632840521	1.37105662945115	0.475977355918948
Thermostichus_lividus_PCC_6715_PCC_6715	GCF_002754935.1	CATTG	4967	4124.66814972402	2659739	618651	617734	712290	711064	0	2.63210750461005e-37	1.9039648235028e-35	1.86747647043563	1.20421808972252	0.535147997604276
Thermosynechococcus_elongatus_PKUAC-SCTE542_PKUAC-SCTE542	GCF_003555505.1	CATTG	5731	4672.50098905689	2650294	617188	621084	704415	707607	0	6.77177134514963e-51	8.76562522391699e-49	2.16240160525587	1.22653799612288	0.532779382211936
Thermosynechococcus_sp_CL-1_CL-1	GCF_008386235.1	CAATG	5657	4652.81732358103	2647823	615940	615885	709339	706659	0	2.45844482550346e-46	2.85976933215321e-44	2.13647211312841	1.21582250206335	0.534778193255365
Thermosynechococcus_sp_HN-54_HN-54	GCF_023650955.1	CAATG	5728	4732.19270981853	2705963	634173	634630	719679	717481	0	6.16013723503096e-45	6.75496322536898e-43	2.11680647518092	1.21043253122709	0.531108518483069
Thermosynechococcus_sp_NK55a_NK55	GCF_000505665.1	CATTG	5426	4488.56703887554	2520064	578938	585049	678152	677825	100	3.88094866726935e-42	3.86210475466527e-40	2.15311992076392	1.20884904982043	0.538093798165371
Thermosynechococcus_sp_TA-1_TA-1	GCF_017086385.1	CATTG	5741	4633.57429661642	2658717	614256	619909	712402	712150	0	9.11370833885058e-56	1.34103933984318e-53	2.15931217952118	1.23900031217634	0.535804299592623
Thermosynechococcus_vestitus_BP-1_BP-1	GCF_000011345.1	CAATG	5568	4603.8785196432	2593857	598906	596397	698712	699842	0	2.19890497459332e-43	2.25335405015468e-41	2.14661024104259	1.20941505651012	0.53917929939854
Tolypothrix_sp_PCC_7910_PCC_7910	GCF_011769525.1	GGCCC	1993	1182.11902852484	8761534	2602021	2603489	1777600	1778424	0	2.4070057322064e-102	9.0084805838403e-100	0.227471582031183	1.68595543418928	0.405867739599025
Tolypothrix_tenuis_PCC_7101_NIES-37	GCF_002368295.1	GGGCC	1896	1166.12481788205	9352233	2772345	2771333	1902312	1905441	802	1.29155730695211e-85	4.19536803707311e-83	0.202732331412188	1.62589799215797	0.407183991412651
Trichormus_variabilis_NIES-23_NIES-23	GCF_002368015.1	GGCCC	1310	919.112940384451	7472825	2179077	2191466	1532723	1540555	29004	5.10943422302004e-34	3.357405327615e-32	0.175301843680268	1.42528729869916	0.412862963792386
Phormidium_sp_ETS-05_ETS-05	GCF_016446395.1	CGGCG	12310	10498.0093114366	6286783	1585611	1588215	1556273	1556683	1	9.12270423703631e-67	2.276180813693e-64	1.95807617345787	1.17260326551524	0.49515889051028
