"spp"	"ID"	"palindrome"	"obs"	"markov3"	"genomesize"	"A"	"Th"	"C"	"G"	"N"	"pval"	"fdrs"	"frecObs"	"OE"	"GC"
Gloeothece_verrucosa_PCC_7822_PCC_7822	GCF_000147335.1	GCGGC	9753	6679.74062276017	7841948	2358436	2354903	1565567	1563042	0	2.29369372103038e-271	3.94882311012589e-267	1.24369608163686	1.46008663371871	0.398958141522999
Gloeothece_verrucosa_PCC_7822_PCC_7822	GCF_000147335.1	GCCGC	9809	6737.88551379218	7841948	2358436	2354903	1565567	1563042	0	5.71345401592201e-269	4.91814121690567e-265	1.25083716443924	1.45579796212348	0.398958141522999
Nostoc_sp_NIES-4103_NIES-4103	GCF_002368335.1	GGGCC	2124	1191.64466964717	8590607	2517725	2519720	1762184	1760508	30470	1.11854353933866e-130	6.21188566879171e-128	0.247246789429431	1.78241052396003	0.411522852963685
Synechocystis_sp_CACIAM_05_CACIAM_05	GCF_010222815.1	CAATG	7585	5441.00879614082	3580992	931784	934495	853736	855130	5839	5.23151475476173e-166	5.29798576576341e-163	2.11812816113524	1.39404295861089	0.477985088716681
Synechocystis_sp_CACIAM_05_CACIAM_05	GCF_010222815.1	CATTG	7436	5298.9384827534	3580992	931784	934495	853736	855130	5839	6.78485067182076e-169	7.78719927773775e-166	2.07651957893232	1.40329992963726	0.477985088716681
Synechocystis_sp_IPPAS_B-1465_IPPAS_B-1465	GCF_003015225.1	CAATG	8124	5852.53245443089	3950993	1038590	1040715	934089	937599	0	2.14321288848982e-173	5.27107901260581e-170	2.05619194971998	1.38811703536123	0.473725972179652
Synechocystis_sp_IPPAS_B-1465_IPPAS_B-1465	GCF_003015225.1	CATTG	8059	5807.33274792335	3950993	1038590	1040715	934089	937599	0	9.48159178065539e-172	1.25565449304433e-168	2.03974038931479	1.38772829968832	0.473725972179652
Synechocystis_sp_PCC_6714_PCC_6714	GCF_000478825.2	CAATG	8398	5958.6984122284	3738889	985000	976155	888450	889284	0	4.97334059322719e-195	2.85403438843331e-191	2.24612177574675	1.40936819067159	0.47547118943622
Synechocystis_sp_PCC_6714_PCC_6714	GCF_000478825.2	CATTG	7951	5668.11854462846	3738889	985000	976155	888450	889284	0	4.68937986993342e-180	1.61464727681548e-176	2.12656754452994	1.40275824109836	0.47547118943622
Synechocystis_sp_PCC_6803_PCC_6803	GCF_000009725.1	CAATG	8120	5851.18536008103	3947019	1037565	1039901	933284	936269	0	4.72457528240899e-173	9.52780934476156e-170	2.05724877432817	1.38775299367504	0.473662021895512
Synechocystis_sp_PCC_6803_PCC_6803	GCF_000009725.1	CATTG	8060	5803.77937140429	3947019	1037565	1039901	933284	936269	0	1.71009940127202e-172	2.94410712922991e-169	2.04204742870506	1.38875024087103	0.473662021895512
Synechocystis_sp_PCC_6803_GT-S	GCF_000270265.1	CAATG	7491	5374.15372389303	3571103	931704	934898	850968	853533	0	7.05847141947813e-164	6.75103577542975e-161	2.09767122370875	1.39389388262112	0.477303791013589
Synechocystis_sp_PCC_6803_GT-S	GCF_000270265.1	CATTG	7406	5315.79466375202	3571103	931704	934898	850968	853533	0	1.3628435498117e-161	9.61381353782426e-159	2.07386905390295	1.3932065605357	0.477303791013589
Synechocystis_sp_PCC_6803_PCC_6803	GCF_000340785.1	CAATG	8124	5859.46711165399	3949306	1038305	1040083	933635	937283	0	3.16526565184576e-172	4.54110112184806e-169	2.05707028019606	1.38647420408625	0.473733359734596
Synechocystis_sp_PCC_6803_PCC_6803	GCF_000340785.1	CATTG	8066	5810.02499840361	3949306	1038305	1040083	933635	937283	0	2.70381899722915e-172	4.23172253239065e-169	2.04238415559595	1.38829006798013	0.473733359734596
Synechocystis_sp_PCC_6803_PCC_6803_substr_GT-G	GCF_001318385.1	CAATG	7488	5373.90001674642	3569196	931026	934436	850661	853073	0	1.73313932758676e-163	1.29729246364059e-160	2.09795147142382	1.39340143595257	0.477343917229539
Synechocystis_sp_PCC_6803_PCC_6803_substr_GT-G	GCF_001318385.1	CATTG	7401	5312.53725718993	3569196	931026	934436	850661	853073	0	1.98964204756984e-161	1.18116129279181e-158	2.07357623397538	1.39311964165213	0.477343917229539
Synechocystis_sp_PCC_6803_PCC_6803	GCF_018845095.1	CAATG	8118	5849.63033875477	3947544	1037673	1039698	933299	936874	0	4.98084828664347e-173	9.52780934476156e-170	2.05646852827986	1.38778000145016	0.473756087329236
Synechocystis_sp_PCC_6803_PCC_6803	GCF_018845095.1	CATTG	8053	5804.86970171741	3947544	1037673	1039698	933299	936874	0	2.61175535454343e-171	3.21171287027284e-168	2.04000259401795	1.38728350743471	0.473756087329236
Synechocystis_sp_PCC_6803_PCC_6803_substr_GT-T	GCF_022869765.1	CAATG	7489	5374.00412881935	3569929	931239	934576	850830	853284	0	1.29477541505091e-163	1.17320281818508e-160	2.09780082461024	1.39356052218838	0.477352350705014
Synechocystis_sp_PCC_6803_PCC_6803_substr_GT-T	GCF_022869765.1	CATTG	7405	5315.49979566757	3569929	931239	934576	850830	853284	0	1.69163326762049e-161	1.0677453325549e-158	2.07427094488434	1.39309571717705	0.477352350705014
Synechocystis_sp_PCC_6803_substr_GT-I	GCF_000284135.1	CAATG	7489	5374.27312498475	3570004	931251	934596	850852	853305	0	1.43978487487172e-163	1.23936682028958e-160	2.09775675321372	1.39349077090704	0.477354367109953
Synechocystis_sp_PCC_6803_substr_GT-I	GCF_000284135.1	CATTG	7406	5316.40992769435	3570004	931251	934596	850852	853305	0	1.73657465796569e-161	1.0677453325549e-158	2.07450747954344	1.39304532583549	0.477354367109953
Synechocystis_sp_PCC_6803_substr_PCC-N	GCF_000284215.1	CAATG	7489	5374.6444548204	3570103	931268	934635	850888	853312	0	1.66696300093482e-163	1.29729246364059e-160	2.09769858180562	1.39339449575744	0.477353174404212
Synechocystis_sp_PCC_6803_substr_PCC-N	GCF_000284215.1	CATTG	7406	5315.95565361677	3570103	931268	934635	850888	853312	0	1.45189752537757e-161	9.61381353782426e-159	2.0744499528445	1.39316436828461	0.477353174404212
Synechocystis_sp_PCC_6803_substr_PCC-P	GCF_000284455.1	CAATG	7489	5374.64445482968	3570114	931273	934640	850889	853312	0	1.66696623610497e-163	1.29729246364059e-160	2.09769211851498	1.39339449575504	0.477351983718167
Synechocystis_sp_PCC_6803_substr_PCC-P	GCF_000284455.1	CATTG	7406	5315.95565362595	3570114	931273	934640	850889	853312	0	1.45190027871416e-161	9.61381353782426e-159	2.074443561186	1.3931643682822	0.477351983718167
Synechocystis_sp_PCC_7338_PCC_7338	GCF_018282115.1	CAATG	7995	5784.58050624924	3832803	1003500	999660	916199	913444	0	1.70913106221845e-166	1.83902502294706e-163	2.08594075928244	1.38212269521753	0.477364216214608
Synechocystis_sp_PCC_7338_PCC_7338	GCF_018282115.1	CATTG	7998	5699.71699670904	3832803	1003500	999660	916199	913444	0	1.95701811893663e-181	8.42300598390327e-178	2.08672347626528	1.40322756456469	0.477364216214608
Synechocystis_sp_PCC_7339_PCC_7339	GCF_019924095.1	CAATG	7966	5690.8599689781	3876863	1014678	1016886	924218	921081	0	2.82553602283416e-178	8.10740469485214e-175	2.05475406275641	1.39978844031027	0.475977355918948
Synechocystis_sp_PCC_7339_PCC_7339	GCF_019924095.1	CATTG	8096	5904.93479707027	3876863	1014678	1016886	924218	921081	0	8.15368535502085e-161	4.67912823573463e-158	2.08828632840521	1.37105662945115	0.475977355918948
