"spp"	"ID"	"palindrome"	"obs"	"markov3"	"genomesize"	"A"	"Th"	"C"	"G"	"N"	"pval"	"fdrs"	"frecObs"	"OE"	"GC"
Calothrix_brevissima_NIES-22_NIES-22	GCF_002367995.1	GGGCC	1517	931.269306395485	9257480	2744334	2761229	1874422	1875617	1878	2.11910094212893e-69	5.61268335687564e-67	0.163867488776643	1.62895951749082	0.405164245394303
Calothrix_brevissima_NIES-22_NIES-22	GCF_002367995.1	GGCCC	1516	928.340794748245	9257480	2744334	2761229	1874422	1875617	1878	5.42595432872524e-70	1.48274967814815e-67	0.163759468019375	1.63302098601745	0.405164245394303
Chondrocystis_sp_NIES-4102_NIES-4102	GCF_002368355.1	GGGCC	545	233.248065326508	5002520	1579848	1590642	915636	916394	0	9.70226116847642e-68	2.49304669069388e-65	0.108945091673796	2.33656814789478	0.366221424402101
Gloeothece_verrucosa_PCC_7822_PCC_7822	GCF_000147335.1	GCGGC	9753	6679.74062276017	7841948	2358436	2354903	1565567	1563042	0	2.29369372103038e-271	3.94882311012589e-267	1.24369608163686	1.46008663371871	0.398958141522999
Gloeothece_verrucosa_PCC_7822_PCC_7822	GCF_000147335.1	GCCGC	9809	6737.88551379218	7841948	2358436	2354903	1565567	1563042	0	5.71345401592201e-269	4.91814121690567e-265	1.25083716443924	1.45579796212348	0.398958141522999
Halomicronema_hongdechloris_C2206_C2206	GCF_002075285.3	CAATG	8132	6621.44100738358	5577845	1265160	1265863	1516587	1530235	0	3.75614158150164e-72	1.09602938079885e-69	1.45791071641467	1.22813145823273	0.546236404919821
Leptolyngbya_sp_BL0902_BL0902	GCF_016403105.1	CAATG	6099	4779.82748882998	4710209	995278	999389	1355830	1359712	0	4.40207260131374e-75	1.32958038428451e-72	1.29484700148125	1.27598747324099	0.576522612903164
Leptolyngbya_sp_BL0902_BL0902	GCF_016403105.1	CATTG	5876	4667.29465928377	4710209	995278	999389	1355830	1359712	0	3.7228624074673e-65	8.66118908202123e-63	1.24750303012032	1.25897343728063	0.576522612903164
Leptolyngbya_sp_NIES-3755_NIES-3755	GCF_001548435.1	GCGGC	6731	5375.01490142094	6761657	1802088	1801838	1575323	1582407	1	3.98933566094794e-71	1.14467337898133e-68	0.99546605218218	1.25227559801194	0.467005419974042
Leptolyngbya_sp_NIES-3755_NIES-3755	GCF_001548435.1	GCCGC	6494	5214.05429519832	6761657	1802088	1801838	1575323	1582407	1	1.26595215309554e-65	3.06966651657644e-63	0.960415472124658	1.24547993410433	0.467005419974042
Nostoc_sp_ATCC_53789_ATCC_53789	GCF_009873495.1	GGGCC	1838	1192.6695891032	8653730	2530171	2539914	1794144	1789501	0	2.83142451656916e-67	7.16850065841981e-65	0.212393961910067	1.54108062852684	0.414115647241132
Nostoc_sp_ATCC_53789_ATCC_53789	GCF_009873495.1	GGCCC	1829	1190.531259866	8653730	2530171	2539914	1794144	1789501	0	4.36383612754281e-66	1.0732543253111e-63	0.211353947950768	1.53628893390491	0.414115647241132
Nostoc_sp_C052_C052	GCF_013393905.1	GGGCC	1981	1280.65574708621	9879831	2895458	2884259	2047979	2052135	0	1.75061780596959e-73	5.19631657716765e-71	0.200509502642302	1.54686378795178	0.414998394203302
Nostoc_sp_MS1_MS1	GCF_019976755.1	GGGCC	1407	861.161645926985	7901148	2348344	2350022	1604127	1598655	0	3.1438303255044e-65	7.41427162792927e-63	0.178075388538476	1.63383960102572	0.40535653806257
Nostoc_sp_MS1_MS1	GCF_019976755.1	GGCCC	1431	863.224660590944	7901148	2348344	2350022	1604127	1598655	0	7.39776093137058e-70	1.98999769053869e-67	0.18111292181845	1.65773762651819	0.40535653806257
Nostoc_sp_NIES-2111_NIES-2111	GCF_002368215.1	GGCCC	1459	842.367898778595	7876755	2340575	2338727	1597246	1597694	2513	1.35465262045321e-82	4.31883324328193e-80	0.185228561761792	1.73202231722683	0.405745721302444
Nostoc_sp_NIES-3756_NIES-3756	GCF_001548375.1	GGGCC	1349	773.280819475064	6987571	2076063	2076101	1418054	1417353	0	2.55177529846701e-78	7.84488634614429e-76	0.193057072336009	1.74451501450115	0.405778631802095
Nostoc_sp_NIES-3756_NIES-3756	GCF_001548375.1	GGCCC	1288	770.534287961889	6987571	2076063	2076101	1418054	1417353	0	6.04390635041366e-65	1.38735855638295e-62	0.184327286262995	1.67156740475085	0.405778631802095
Nostoc_sp_NIES-4103_NIES-4103	GCF_002368335.1	GGGCC	2124	1191.64466964717	8590607	2517725	2519720	1762184	1760508	30470	1.11854353933866e-130	6.21188566879171e-128	0.247246789429431	1.78241052396003	0.411522852963685
Nostoc_sp_NIES-4103_NIES-4103	GCF_002368335.1	GGCCC	2085	1201.33440325557	8590607	2517725	2519720	1762184	1760508	30470	6.72920569773211e-118	3.51060622097442e-115	0.242706947250642	1.7355700414054	0.411522852963685
Nostoc_sp_UHCC_0702_UHCC_0702	GCF_017164015.1	GGGCC	2031	1159.24388606721	8587404	2506095	2506759	1787666	1786884	0	1.8772778632436e-118	1.00997549042506e-115	0.236509194163917	1.75200406438222	0.416255017232216
Nostoc_sp_UHCC_0702_UHCC_0702	GCF_017164015.1	GGCCC	1932	1154.65226975408	8587404	2506095	2506759	1787666	1786884	0	1.05919862597226e-96	3.64703270894768e-94	0.22498068100674	1.6732310242732	0.416255017232216
Synechococcus_sp_NIES-970_NIES-970	GCF_002356215.1	CAATG	5131	3763.93051431666	3123859	794091	785833	771315	772620	0	2.95341858213445e-99	1.05929279812556e-96	1.642519716799	1.3632026363089	0.494239656783485
Synechococcus_sp_NIES-970_NIES-970	GCF_002356215.1	CATTG	5106	3736.70878538877	3123859	794091	785833	771315	772620	0	3.40441151459511e-100	1.24702869436744e-97	1.63451679477211	1.36644311699253	0.494239656783485
Synechococcus_sp_PCC_11901_PCC_11901	GCF_005577135.1	CAATG	5882	4287.67396589918	3471813	880885	883001	853793	853856	278	8.1691534721955e-118	4.13647488756817e-115	1.69421567348241	1.37183938116117	0.491900268901221
Synechococcus_sp_PCC_11901_PCC_11901	GCF_005577135.1	CATTG	5808	4290.98926298803	3471813	880885	883001	853793	853856	278	2.58945865550414e-107	1.03674698170138e-104	1.67290116143928	1.35353403237267	0.491900268901221
Synechococcus_sp_PCC_6312_PCC_6312	GCF_000316685.1	CCAGG	9462	7610.58361601234	3720499	954376	961506	898021	906596	0	2.54482436593796e-93	8.42532620845922e-91	2.54320724182428	1.24326864763595	0.485047032669542
Synechococcus_sp_PCC_6312_PCC_6312	GCF_000316685.1	CCTGG	9518	7615.12190193525	3720499	954376	961506	898021	906596	0	3.23262234306151e-98	1.13577196445198e-95	2.55825898622739	1.24988150190756	0.485047032669542
Synechococcus_sp_PCC_7002_PCC_7002_ATCC_27264	GCF_000019485.1	CAATG	5725	4197.12578118067	3409935	865799	866890	838600	838646	0	6.74006322186947e-111	3.13613320074878e-108	1.67891763332732	1.36402869451044	0.491870372895671
Synechococcus_sp_PCC_7002_PCC_7002_ATCC_27264	GCF_000019485.1	CATTG	5687	4158.59542045871	3409935	865799	866890	838600	838646	0	7.09057813732e-112	3.39087203366947e-109	1.66777372589214	1.36752903925737	0.491870372895671
Synechococcus_sp_PCC_7003_PCC_7003	GCF_001693255.1	CAATG	5667	4169.10088342345	3345085	848666	848580	824647	823192	0	1.63019016099462e-107	6.68222709801985e-105	1.69412735401343	1.35928588884291	0.492614985867325
Synechococcus_sp_PCC_7003_PCC_7003	GCF_001693255.1	CATTG	5689	4182.54463032134	3345085	848666	848580	824647	823192	0	2.36199657476078e-108	1.01660332577704e-105	1.70070416745763	1.36017675908528	0.492614985867325
Synechococcus_sp_PCC_7117_PCC_7117	GCF_001693275.1	CAATG	5734	4216.21236966042	3432101	874421	871614	843306	842760	0	4.24524899041871e-109	1.92332122681707e-106	1.67069675397082	1.35998842023743	0.491263514680949
Synechococcus_sp_PCC_7117_PCC_7117	GCF_001693275.1	CATTG	5745	4195.705089103	3432101	874421	871614	843306	842760	0	7.60102989450686e-114	3.73883801896658e-111	1.67390178785531	1.36925734244783	0.491263514680949
Synechococcus_sp_PCC_73109_PCC_73109	GCF_001521855.1	CAATG	5537	4049.78132912106	3298676	835724	835233	813227	814492	0	7.61824706276667e-109	3.36296772904079e-106	1.67855224338492	1.36723431464921	0.493446158398097
Synechococcus_sp_PCC_73109_PCC_73109	GCF_001521855.1	CATTG	5563	4084.3250410939	3298676	835724	835233	813227	814492	0	7.0284962991443e-107	2.75005891559246e-104	1.68643419359767	1.36203655292579	0.493446158398097
Synechococcus_sp_PCC_8807_PCC_8807	GCF_001693295.1	CAATG	5525	4047.78238609068	3304088	836277	836562	814829	816420	0	1.56470017846106e-107	6.57021421277699e-105	1.672170959127	1.36494491872524	0.493706281430761
Synechococcus_sp_PCC_8807_PCC_8807	GCF_001693295.1	CATTG	5496	4029.78121903541	3304088	836277	836562	814829	816420	0	1.83295742943625e-106	7.01248780114987e-104	1.66339395318769	1.36384575272688	0.493706281430761
Synechocystis_sp_CACIAM_05_CACIAM_05	GCF_010222815.1	CAATG	7585	5441.00879614082	3580992	931784	934495	853736	855130	5839	5.23151475476173e-166	5.29798576576341e-163	2.11812816113524	1.39404295861089	0.477985088716681
Synechocystis_sp_CACIAM_05_CACIAM_05	GCF_010222815.1	CATTG	7436	5298.9384827534	3580992	931784	934495	853736	855130	5839	6.78485067182076e-169	7.78719927773775e-166	2.07651957893232	1.40329992963726	0.477985088716681
Synechocystis_sp_IPPAS_B-1465_IPPAS_B-1465	GCF_003015225.1	CAATG	8124	5852.53245443089	3950993	1038590	1040715	934089	937599	0	2.14321288848982e-173	5.27107901260581e-170	2.05619194971998	1.38811703536123	0.473725972179652
Synechocystis_sp_IPPAS_B-1465_IPPAS_B-1465	GCF_003015225.1	CATTG	8059	5807.33274792335	3950993	1038590	1040715	934089	937599	0	9.48159178065539e-172	1.25565449304433e-168	2.03974038931479	1.38772829968832	0.473725972179652
Synechocystis_sp_PCC_6714_PCC_6714	GCF_000478825.2	CAATG	8398	5958.6984122284	3738889	985000	976155	888450	889284	0	4.97334059322719e-195	2.85403438843331e-191	2.24612177574675	1.40936819067159	0.47547118943622
Synechocystis_sp_PCC_6714_PCC_6714	GCF_000478825.2	CATTG	7951	5668.11854462846	3738889	985000	976155	888450	889284	0	4.68937986993342e-180	1.61464727681548e-176	2.12656754452994	1.40275824109836	0.47547118943622
Synechocystis_sp_PCC_6714_PCC_6714	GCF_000478825.2	CGCCG	4571	3474.00848317063	3738889	985000	976155	888450	889284	0	9.19093243843322e-71	2.5939523419683e-68	1.22255568432227	1.31577111056107	0.47547118943622
Synechocystis_sp_PCC_6803_PCC_6803	GCF_000009725.1	CAATG	8120	5851.18536008103	3947019	1037565	1039901	933284	936269	0	4.72457528240899e-173	9.52780934476156e-170	2.05724877432817	1.38775299367504	0.473662021895512
Synechocystis_sp_PCC_6803_PCC_6803	GCF_000009725.1	CATTG	8060	5803.77937140429	3947019	1037565	1039901	933284	936269	0	1.71009940127202e-172	2.94410712922991e-169	2.04204742870506	1.38875024087103	0.473662021895512
Synechocystis_sp_PCC_6803_GT-S	GCF_000270265.1	CAATG	7491	5374.15372389303	3571103	931704	934898	850968	853533	0	7.05847141947813e-164	6.75103577542975e-161	2.09767122370875	1.39389388262112	0.477303791013589
Synechocystis_sp_PCC_6803_GT-S	GCF_000270265.1	CATTG	7406	5315.79466375202	3571103	931704	934898	850968	853533	0	1.3628435498117e-161	9.61381353782426e-159	2.07386905390295	1.3932065605357	0.477303791013589
Synechocystis_sp_PCC_6803_PCC_6803	GCF_000340785.1	CAATG	8124	5859.46711165399	3949306	1038305	1040083	933635	937283	0	3.16526565184576e-172	4.54110112184806e-169	2.05707028019606	1.38647420408625	0.473733359734596
Synechocystis_sp_PCC_6803_PCC_6803	GCF_000340785.1	CATTG	8066	5810.02499840361	3949306	1038305	1040083	933635	937283	0	2.70381899722915e-172	4.23172253239065e-169	2.04238415559595	1.38829006798013	0.473733359734596
Synechocystis_sp_PCC_6803_PCC_6803_substr_GT-G	GCF_001318385.1	CAATG	7488	5373.90001674642	3569196	931026	934436	850661	853073	0	1.73313932758676e-163	1.29729246364059e-160	2.09795147142382	1.39340143595257	0.477343917229539
Synechocystis_sp_PCC_6803_PCC_6803_substr_GT-G	GCF_001318385.1	CATTG	7401	5312.53725718993	3569196	931026	934436	850661	853073	0	1.98964204756984e-161	1.18116129279181e-158	2.07357623397538	1.39311964165213	0.477343917229539
Synechocystis_sp_PCC_6803_PCC_6803	GCF_018845095.1	CAATG	8118	5849.63033875477	3947544	1037673	1039698	933299	936874	0	4.98084828664347e-173	9.52780934476156e-170	2.05646852827986	1.38778000145016	0.473756087329236
Synechocystis_sp_PCC_6803_PCC_6803	GCF_018845095.1	CATTG	8053	5804.86970171741	3947544	1037673	1039698	933299	936874	0	2.61175535454343e-171	3.21171287027284e-168	2.04000259401795	1.38728350743471	0.473756087329236
Synechocystis_sp_PCC_6803_PCC_6803_substr_GT-T	GCF_022869765.1	CAATG	7489	5374.00412881935	3569929	931239	934576	850830	853284	0	1.29477541505091e-163	1.17320281818508e-160	2.09780082461024	1.39356052218838	0.477352350705014
Synechocystis_sp_PCC_6803_PCC_6803_substr_GT-T	GCF_022869765.1	CATTG	7405	5315.49979566757	3569929	931239	934576	850830	853284	0	1.69163326762049e-161	1.0677453325549e-158	2.07427094488434	1.39309571717705	0.477352350705014
Synechocystis_sp_PCC_6803_substr_GT-I	GCF_000284135.1	CAATG	7489	5374.27312498475	3570004	931251	934596	850852	853305	0	1.43978487487172e-163	1.23936682028958e-160	2.09775675321372	1.39349077090704	0.477354367109953
Synechocystis_sp_PCC_6803_substr_GT-I	GCF_000284135.1	CATTG	7406	5316.40992769435	3570004	931251	934596	850852	853305	0	1.73657465796569e-161	1.0677453325549e-158	2.07450747954344	1.39304532583549	0.477354367109953
Synechocystis_sp_PCC_6803_substr_PCC-N	GCF_000284215.1	CAATG	7489	5374.6444548204	3570103	931268	934635	850888	853312	0	1.66696300093482e-163	1.29729246364059e-160	2.09769858180562	1.39339449575744	0.477353174404212
Synechocystis_sp_PCC_6803_substr_PCC-N	GCF_000284215.1	CATTG	7406	5315.95565361677	3570103	931268	934635	850888	853312	0	1.45189752537757e-161	9.61381353782426e-159	2.0744499528445	1.39316436828461	0.477353174404212
Synechocystis_sp_PCC_6803_substr_PCC-P	GCF_000284455.1	CAATG	7489	5374.64445482968	3570114	931273	934640	850889	853312	0	1.66696623610497e-163	1.29729246364059e-160	2.09769211851498	1.39339449575504	0.477351983718167
Synechocystis_sp_PCC_6803_substr_PCC-P	GCF_000284455.1	CATTG	7406	5315.95565362595	3570114	931273	934640	850889	853312	0	1.45190027871416e-161	9.61381353782426e-159	2.074443561186	1.3931643682822	0.477351983718167
Synechocystis_sp_PCC_7338_PCC_7338	GCF_018282115.1	CAATG	7995	5784.58050624924	3832803	1003500	999660	916199	913444	0	1.70913106221845e-166	1.83902502294706e-163	2.08594075928244	1.38212269521753	0.477364216214608
Synechocystis_sp_PCC_7338_PCC_7338	GCF_018282115.1	CATTG	7998	5699.71699670904	3832803	1003500	999660	916199	913444	0	1.95701811893663e-181	8.42300598390327e-178	2.08672347626528	1.40322756456469	0.477364216214608
Synechocystis_sp_PCC_7338_PCC_7338	GCF_018282115.1	CGGCG	4634	3533.74583235638	3832803	1003500	999660	916199	913444	0	4.35347191833348e-70	1.2088608475166e-67	1.20903683283487	1.31135633965784	0.477364216214608
Synechocystis_sp_PCC_7339_PCC_7339	GCF_019924095.1	CAATG	7966	5690.8599689781	3876863	1014678	1016886	924218	921081	0	2.82553602283416e-178	8.10740469485214e-175	2.05475406275641	1.39978844031027	0.475977355918948
Synechocystis_sp_PCC_7339_PCC_7339	GCF_019924095.1	CATTG	8096	5904.93479707027	3876863	1014678	1016886	924218	921081	0	8.15368535502085e-161	4.67912823573463e-158	2.08828632840521	1.37105662945115	0.475977355918948
Synechocystis_sp_PCC_7339_PCC_7339	GCF_019924095.1	CGGCG	4674	3577.00486159614	3876863	1014678	1016886	924218	921081	0	5.89998512076148e-69	1.53900217937924e-66	1.20561392032682	1.3066798007969	0.475977355918948
Synechocystis_sp_PCC_7339_PCC_7339	GCF_019924095.1	CGCCG	4785	3700.10555142283	3876863	1014678	1016886	924218	921081	0	1.48277304662391e-65	3.54547510703852e-63	1.2342453163808	1.2932063514134	0.475977355918948
Tolypothrix_sp_PCC_7910_PCC_7910	GCF_011769525.1	GGGCC	1954	1174.37456756393	8761534	2602021	2603489	1777600	1778424	0	7.26375963283433e-96	2.45201736938972e-93	0.223020306717979	1.66386436999678	0.405867739599025
Tolypothrix_sp_PCC_7910_PCC_7910	GCF_011769525.1	GGCCC	1993	1182.11902852484	8761534	2602021	2603489	1777600	1778424	0	2.4070057322064e-102	9.0084805838403e-100	0.227471582031183	1.68595543418928	0.405867739599025
Tolypothrix_tenuis_PCC_7101_NIES-37	GCF_002368295.1	GGGCC	1896	1166.12481788205	9352233	2772345	2771333	1902312	1905441	802	1.29155730695211e-85	4.19536803707311e-83	0.202732331412188	1.62589799215797	0.407183991412651
Tolypothrix_tenuis_PCC_7101_NIES-37	GCF_002368295.1	GGCCC	1884	1182.54935555022	9352233	2772345	2771333	1902312	1905441	802	9.02003029118508e-79	2.82343348169168e-76	0.201449215390592	1.59316817615905	0.407183991412651
Phormidium_sp_ETS-05_ETS-05	GCF_016446395.1	CGGCG	12310	10498.0093114366	6286783	1585611	1588215	1556273	1556683	1	9.12270423703631e-67	2.276180813693e-64	1.95807617345787	1.17260326551524	0.49515889051028
