"spp"	"ID"	"palindrome"	"obs"	"markov3"	"genomesize"	"A"	"Th"	"C"	"G"	"N"	"pval"	"fdrs"	"frecObs"	"OE"	"GC"
Synechococcus_elongatus_PCC_6301	GCF_022984195.1	CGATCG	13315	5314.09667121622	2749599	613457	611833	762623	761686	0	0	0	4.84252430990846	2.50559988344221	0.554375019775611
Synechococcus_elongatus_UTEX_2973	GCF_000817325.1	CGATCG	13286	5299.52481106168	2744626	610686	612439	760195	761306	0	0	0	4.84073239851258	2.50701722770845	0.554356404114805
Synechococcus_sp_JA-2-3Ba_2-13	GCF_000013225.1	GGATCC	9668	4879.43427103063	3046682	634896	630988	891491	889305	0	0	0	3.17328818695223	1.98137723821781	0.584503787729594
Synechococcus_elongatus_PCC_11802	GCF_009498715.1	CGATCG	13037	5032.92857246247	2760484	620957	626474	755804	756749	500	0	0	4.72272253706234	2.59034075534701	0.548029626258703
Synechococcus_elongatus_UTEX_3055	GCF_003957805.1	CGATCG	13677	5397.64711510806	2881223	645838	647167	795825	792393	0	0	0	4.74694253100159	2.53388183931438	0.551230501769561
Synechococcus_elongatus_PCC_7942_FACHB-805	GCF_014698905.1	CGATCG	13312	5315.87309017375	2743371	609814	612609	760336	760612	0	0	0	4.8524242619755	2.5041982331382	0.554408426712975
Synechococcus_elongatus_PCC_11801	GCF_003846445.1	CGATCG	12834	4986.44646986171	2691022	603121	609732	736578	740791	800	0	0	4.76919177918278	2.57377675215591	0.549162485475176
Synechococcus_elongatus_PCC_6311	GCA_022984265.1	CGATCG	13314	5317.3244987629	2743999	612250	610433	760861	760435	20	0	0	4.85204258456362	2.5038908201103	0.554412406217395
Synechococcus_sp_JA-3-3Ab	GCF_000013205.1	GGATCC	8335	4426.12019292772	2932766	583006	583140	882286	884334	0	0	0	2.84202694657535	1.88313910076778	0.602373322658541
Synechococcus_elongatus_PCC_7943	GCA_022984345.1	CGATCG	13311	5316.64419743378	2743767	612324	610281	760156	760986	20	0	0	4.8513594631031	2.50364694451905	0.554403157433976
Synechococcus_elongatus_FACHB-1061	GCF_014698895.1	CGATCG	13270	5289.83750101802	2734236	612818	605876	760894	754648	0	0	0	4.85327528421102	2.50858367529176	0.554283536607667
Synechococcus_elongatus_FACHB-242	GCF_014698415.1	CGATCG	13274	5291.15308160747	2735070	611026	608025	759102	756917	0	0	0	4.85325786908562	2.50871592548355	0.554288921307316
