"spp"	"ID"	"palindrome"	"obs"	"markov3"	"genomesize"	"A"	"Th"	"C"	"G"	"N"	"pval"	"fdrs"	"frecObs"	"OE"	"GC"
Allocoleopsis_franciscana_PCC_7113_PCC_7113	GCF_000317515.1	GCGGC	7585	6530.09312044766	7966510	2140709	2144210	1842846	1838745	0	2.11461729695629e-37	1.42597412259141e-35	0.952110773726513	1.16154545733033	0.462133481286034
Calothrix_sp_NIES-2098_NIES-2098	GCF_002368175.1	GGGCC	1687	1097.10097075306	8878628	2607797	2614225	1829739	1826867	0	2.37985281588407e-61	4.27260848399759e-59	0.190006834389277	1.5376889137579	0.411843586644243
Calothrix_sp_NIES-2098_NIES-2098	GCF_002368175.1	GGCCC	1687	1092.47175524978	8878628	2607797	2614225	1829739	1826867	0	1.92980983231215e-62	3.70523487803933e-60	0.190006834389277	1.54420468254054	0.411843586644243
Calothrix_sp_PCC_7716_PCC_7716	GCF_019977735.1	GGGCC	750	379.200916878738	12367066	3817922	3794023	2374478	2380643	0	2.27895209424508e-63	4.77336875012789e-61	0.0606449419773453	1.97784331898079	0.384498716187008
Chondrocystis_sp_NIES-4102_NIES-4102	GCF_002368355.1	GCTGC	5568	4586.04187221376	5002520	1579848	1590642	915636	916394	0	5.37209614748182e-45	5.54207889125288e-43	1.11303902832972	1.21411887530635	0.366221424402101
Crocosphaera_subtropica_ATCC_51142_ATCC_51142	GCF_000017845.1	CAATG	7287	6108.63574598403	5460377	1698570	1690034	1034562	1037211	0	8.77688733592414e-49	1.00274124406459e-46	1.33452323896317	1.19290137814989	0.379419406388973
Cyanobacterium_aponinum_PCC_10605_PCC_10605	GCF_000317675.1	CAATG	4626	3820.97165453366	4176973	1357200	1360697	731481	727595	0	1.0127409987506e-36	6.66672931748969e-35	1.10750057517729	1.210686814311	0.349314204329307
Dactylococcopsis_salina_PCC_8305_PCC_8305	GCF_000317615.1	CACTG	4276	3459.49475785127	3781008	1092085	1084325	803512	801086	0	3.70254697655932e-41	3.34536009176184e-39	1.13091535378925	1.23601863835628	0.42438365642178
Fischerella_sp_NIES-3754_NIES-3754	GCF_001548455.1	GGGCC	961	611.787400630635	5826863	1723733	1715387	1192344	1195399	0	5.36390296459254e-39	4.18929912895634e-37	0.164925792832267	1.57080711209383	0.40978190151373
Geitlerinema_sp_PCC_7407_PCC_7407	GCF_000317045.1	CAATG	4606	3570.75603986344	4681111	970579	973810	1365855	1370867	0	5.1321823176044e-62	9.58747139980583e-60	0.983954450129467	1.28992290388345	0.584630870748418
Geminocystis_sp_NIES-3708_NIES-3708	GCF_001548095.1	CCGGG	651	339.218276227357	4042078	1366674	1370244	654553	650607	0	4.10126921632448e-51	4.9733285654798e-49	0.161055773787641	1.91911829527627	0.322893323681532
Gloeobacter_kilaueensis_JS1_JS1	GCF_000484535.1	AAATT	3576	2801.29451256365	4724791	931715	932838	1431757	1428481	0	5.18266794157278e-45	5.38685726498512e-43	0.756858874815838	1.27655267375916	0.605368152792367
Gloeothece_verrucosa_PCC_7822_PCC_7822	GCF_000147335.1	GCCGC	9809	6737.88551379218	7841948	2358436	2354903	1565567	1563042	0	5.71345401592201e-269	3.9491394158053e-265	1.25083716443924	1.45579796212348	0.398958141522999
Halomicronema_hongdechloris_C2206_C2206	GCF_002075285.3	CAATG	8132	6621.44100738358	5577845	1265160	1265863	1516587	1530235	0	3.75614158150164e-72	1.03849802445357e-69	1.45791071641467	1.22813145823273	0.546236404919821
Halothece_sp_PCC_7418_PCC_7418	GCF_000317635.1	GCAGC	4697	3826.67782803865	4179170	1199645	1185719	896769	897037	0	2.53998328790253e-42	2.3724816872949e-40	1.12390737873788	1.22743544428652	0.429225420358588
Leptodesmis_sichuanensis_PKUAC-SCTA121_PKUAC-SCTA121	GCF_021379005.1	GCGGC	7517	6375.0591901747	5348817	1328676	1328699	1341124	1350318	0	2.78979121865864e-44	2.77453768393792e-42	1.40535748372023	1.17912630702869	0.503184535945051
Leptolyngbya_sp_BL0902_BL0902	GCF_016403105.1	CAATG	6099	4779.82748882998	4710209	995278	999389	1355830	1359712	0	4.40207260131374e-75	1.26779690917836e-72	1.29484700148125	1.27598747324099	0.576522612903164
Leptolyngbya_sp_NIES-3755_NIES-3755	GCF_001548435.1	GCGGC	6731	5375.01490142094	6761657	1802088	1801838	1575323	1582407	1	3.98933566094794e-71	1.08134463092048e-68	0.99546605218218	1.25227559801194	0.467005419974042
Leptothermofonsia_sichuanensis_PKUAC-SCTE412_PKUAC-SCTE412	GCF_019891175.1	GCGGC	7248	6211.86512604824	6426061	1579487	1581674	1635410	1629490	0	7.5175265250892e-38	5.46959403593858e-36	1.12790712693204	1.16679931919432	0.508071740993433
Moorena_producens_PAL-8-15-08-1_PAL-8-15-08-1	GCF_001767235.1	CAATG	12005	10692.9101509615	9708656	2737199	2746312	2113847	2110948	350	7.38417290592918e-36	4.77003767530677e-34	1.2365254263824	1.12270652521292	0.435173242376167
Nostoc_cf_commune_SO-36_SO-36	GCF_023734775.1	GGCCC	1496	978.691548938819	7408262	2170515	2174046	1533685	1530016	0	2.74086940682907e-53	3.54110081121542e-51	0.201936702562625	1.52857149080534	0.413551923514584
Nostoc_edaphicum_CCNP1411_CCNP1411	GCF_014023275.1	CATTG	10945	9742.72290076004	8316316	2428205	2429312	1727952	1730847	0	3.40263147999722e-33	2.01879732100779e-31	1.31608755607651	1.12340257559272	0.415905191673813
Nostoc_flagelliforme_CCNUN1_CCNUN1	GCF_002813575.1	CAATG	13216	11846.6318312448	10231233	2972783	2974654	2139123	2144673	0	2.308360847296e-35	1.45711325812877e-33	1.29173091845333	1.115591350205	0.418697922332528
Nostoc_punctiforme_PCC_73102_ATCC_29133_PCC_73102	GCF_000020025.1	GGGCC	1747	1188.37531899941	9059191	2658118	2654688	1873338	1873047	0	5.39108051854351e-52	6.83727496223354e-50	0.192842826693907	1.47007428719653	0.41354520508509
Nostoc_sp_Lobaria_pulmonaria_5183_cyanobiont_5183	GCF_002949795.1	GGGCC	1494	966.742031156364	7339908	2146883	2138779	1528860	1525385	1	1.03699439675656e-55	1.40543240595712e-53	0.203544785574969	1.54539675720208	0.416114945325602
Nostoc_sp_Peltigera_membranacea_cyanobiont_N6_N6	GCF_002949735.1	GGGCC	1758	1181.17719975501	8898590	2606437	2609313	1839855	1842985	0	2.24051184038092e-55	3.00707142538115e-53	0.197559388622242	1.48834569475658	0.41386781501339
Nostoc_sp_ATCC_53789_ATCC_53789	GCF_009873495.1	GGGCC	1838	1192.6695891032	8653730	2530171	2539914	1794144	1789501	0	2.83142451656916e-67	6.8669495643951e-65	0.212393961910067	1.54108062852684	0.414115647241132
Nostoc_sp_C052_C052	GCF_013393905.1	GGGCC	1981	1280.65574708621	9879831	2895458	2884259	2047979	2052135	0	1.75061780596959e-73	4.93888582647419e-71	0.200509502642302	1.54686378795178	0.414998394203302
Nostoc_sp_C057_C057	GCF_013393925.1	GGGCC	1888	1251.39360635044	9234448	2697407	2709551	1914903	1912587	0	4.86157022800125e-63	1.00307980346103e-60	0.204451852455068	1.50871795286389	0.414479566076933
Nostoc_sp_MS1_MS1	GCF_019976755.1	GGCCC	1431	863.224660590944	7901148	2348344	2350022	1604127	1598655	0	7.39776093137058e-70	1.89382679843087e-67	0.18111292181845	1.65773762651819	0.40535653806257
Nostoc_sp_NIES-3756_NIES-3756	GCF_001548375.1	GGGCC	1349	773.280819475064	6987571	2076063	2076101	1418054	1417353	0	2.55177529846701e-78	7.50547696298041e-76	0.193057072336009	1.74451501450115	0.405778631802095
Nostoc_sp_TCL240-02	GCF_013343235.1	GGGCC	1681	1114.83433819027	7887247	2316981	2313899	1625830	1630537	0	3.26787653534384e-56	4.51751252245933e-54	0.21312886486248	1.50784734773132	0.412864843715431
Nostoc_sp_TCL26-01_TCL26-01	GCF_013393945.1	CAATG	10057	8773.95380873306	7387676	2177561	2177055	1515408	1517652	0	3.57437489695185e-41	3.27017542525163e-39	1.3613212057486	1.14623352472974	0.410556716347604
Nostoc_sp_UHCC_0702_UHCC_0702	GCF_017164015.1	CAATG	11114	9804.98983369289	8587404	2506095	2506759	1787666	1786884	0	1.24970533729446e-38	9.59773699042142e-37	1.294221163928	1.1335044899087	0.416255017232216
Nostoc_sphaeroides_Kutzing_En	GCF_003443655.1	GGGCC	1460	951.782566922495	6684490	1955963	1947309	1389673	1391545	0	7.81609300914762e-53	1.0004599051709e-50	0.218416064651155	1.53396379671124	0.416070335956819
Nostoc_sphaeroides_CCNUC1	GCF_009372195.1	CAATG	12065	10773.9568121964	9516388	2789938	2792309	1969009	1965132	0	1.45402786090275e-34	9.05427078789174e-33	1.26781295592403	1.11982999470929	0.413406956504926
Oscillatoria_acuminata_PCC_6304_PCC_6304	GCF_000317105.1	CAATG	10434	9035.59292744958	7804270	2038820	2049663	1857369	1858418	0	4.613974489968e-47	5.10268666794541e-45	1.33696040757175	1.15476649775823	0.476122302278112
Phormidium_yuhuli_AB48_AB48	GCF_023983615.1	GGCCC	6873	5579.29069213753	4799068	1158925	1161423	1239527	1239193	0	5.14726443714032e-63	1.04640858204453e-60	1.432153076389	1.23187702151558	0.516500287139086
Planktothrix_pseudagardhii_No713	GCF_904830925.1	GGCCC	1526	1046.93088697788	6654737	2015397	2017187	1311278	1310875	0	7.08832115064343e-44	6.94957103450317e-42	0.229310339386816	1.45759382876269	0.39402804348241
Pseudanabaena_sp_ABRG5-3_ABRG5-3	GCF_003967015.1	CCGGG	406	173.389822371595	5657972	1633547	1637249	1195328	1191848	0	3.45410234410208e-51	4.263349179006e-49	0.0717571596324619	2.34154458691292	0.421913717494537
Pseudanabaena_sp_PCC_7367_PCC_7367	GCF_000317065.1	CATTG	7559	6425.45009002337	4885680	1314560	1312767	1130783	1127570	0	2.24690675368305e-43	2.12748212074756e-41	1.54717460005567	1.17641564312151	0.462239237936173
Richelia_sinica_FACHB-800_FACHB_800	GCF_019056575.1	CAATG	7616	6538.28294060881	5729487	1727184	1725871	1136223	1140209	0	7.05390258881454e-39	5.47826681953777e-37	1.32926385905056	1.16483181734115	0.397318643012891
Rippkaea_orientalis_PCC_8801_PCC_8801	GCF_000021805.1	GCTGC	3282	2512.76289513423	4787694	1441767	1442443	952377	951107	0	7.07998498655105e-49	8.15614270450681e-47	0.685507469775637	1.30613198975333	0.397578458439491
Stanieria_cyanosphaera_PCC_7437_PCC_7437	GCF_000317575.1	GCTGC	5748	4796.72683817035	5544990	1767264	1769151	1002535	1006040	0	9.25989470864159e-41	8.15342576129053e-39	1.03661142761303	1.19831714290249	0.362232393566084
Synechococcus_sp_Minos11_MINOS11	GCF_014279855.1	CATTG	3253	2575.64459686867	2284343	451372	451826	692085	689060	0	6.36187077192394e-38	4.65325405032151e-36	1.42404183609904	1.26298480929971	0.604613667912393
Synechococcus_sp_NIES-970_NIES-970	GCF_002356215.1	CAATG	5131	3763.93051431666	3123859	794091	785833	771315	772620	0	2.95341858213445e-99	9.7209663046254e-97	1.642519716799	1.3632026363089	0.494239656783485
Synechococcus_sp_PCC_6312_PCC_6312	GCF_000316685.1	CCTGG	9518	7615.12190193525	3720499	954376	961506	898021	906596	0	3.23262234306151e-98	1.03925049466238e-95	2.55825898622739	1.24988150190756	0.485047032669542
Synechococcus_sp_PCC_7002_PCC_7002_ATCC_27264	GCF_000019485.1	CAATG	5725	4197.12578118067	3409935	865799	866890	838600	838646	0	6.74006322186947e-111	2.91170731184761e-108	1.67891763332732	1.36402869451044	0.491870372895671
Synechococcus_sp_PCC_7003_PCC_7003	GCF_001693255.1	CATTG	5689	4182.54463032134	3345085	848666	848580	824647	823192	0	2.36199657476078e-108	9.32921161414086e-106	1.70070416745763	1.36017675908528	0.492614985867325
Synechococcus_sp_PCC_7117_PCC_7117	GCF_001693275.1	CATTG	5745	4195.705089103	3432101	874421	871614	843306	842760	0	7.60102989450686e-114	3.50255457538876e-111	1.67390178785531	1.36925734244783	0.491263514680949
Synechococcus_sp_PCC_73109_PCC_73109	GCF_001521855.1	CATTG	5563	4084.3250410939	3298676	835724	835233	813227	814492	0	7.0284962991443e-107	2.55689296945713e-104	1.68643419359767	1.36203655292579	0.493446158398097
Synechococcus_sp_PCC_8807_PCC_8807	GCF_001693295.1	CAATG	5525	4047.78238609068	3304088	836277	836562	814829	816420	0	1.56470017846106e-107	6.00844868529048e-105	1.672170959127	1.36494491872524	0.493706281430761
Synechocystis_sp_IPPAS_B-1465_IPPAS_B-1465	GCF_003015225.1	CAATG	8124	5852.53245443089	3950993	1038590	1040715	934089	937599	0	2.14321288848982e-173	4.2325392814976e-170	2.05619194971998	1.38811703536123	0.473725972179652
Synechocystis_sp_PCC_6714_PCC_6714	GCF_000478825.2	CAATG	8398	5958.6984122284	3738889	985000	976155	888450	889284	0	4.97334059322719e-195	2.29171534535909e-191	2.24612177574675	1.40936819067159	0.47547118943622
Synechocystis_sp_PCC_6803_PCC_6803	GCF_000009725.1	CAATG	8120	5851.18536008103	3947019	1037565	1039901	933284	936269	0	4.72457528240899e-173	7.65058296828437e-170	2.05724877432817	1.38775299367504	0.473662021895512
Synechocystis_sp_PCC_6803_GT-S	GCF_000270265.1	CAATG	7491	5374.15372389303	3571103	931704	934898	850968	853533	0	7.05847141947813e-164	6.09851930642911e-161	2.09767122370875	1.39389388262112	0.477303791013589
Synechocystis_sp_PCC_6803_PCC_6803_substr_GT-G	GCF_001318385.1	CAATG	7488	5373.90001674642	3569196	931026	934436	850661	853073	0	1.73313932758676e-163	1.14090086021711e-160	2.09795147142382	1.39340143595257	0.477343917229539
Synechocystis_sp_PCC_6803_PCC_6803_substr_GT-T	GCF_022869765.1	CAATG	7489	5374.00412881935	3569929	931239	934576	850830	853284	0	1.29477541505091e-163	1.05288090221552e-160	2.09780082461024	1.39356052218838	0.477352350705014
Synechocystis_sp_PCC_6803_substr_GT-I	GCF_000284135.1	CAATG	7489	5374.27312498475	3570004	931251	934596	850852	853305	0	1.43978487487172e-163	1.10575478390148e-160	2.09775675321372	1.39349077090704	0.477354367109953
Synechocystis_sp_PCC_6803_substr_PCC-N	GCF_000284215.1	CAATG	7489	5374.6444548204	3570103	931268	934635	850888	853312	0	1.66696300093482e-163	1.14090086021711e-160	2.09769858180562	1.39339449575744	0.477353174404212
Synechocystis_sp_PCC_6803_substr_PCC-P	GCF_000284455.1	CAATG	7489	5374.64445482968	3570114	931273	934640	850889	853312	0	1.66696623610497e-163	1.14090086021711e-160	2.09769211851498	1.39339449575504	0.477351983718167
Synechocystis_sp_PCC_7338_PCC_7338	GCF_018282115.1	CATTG	7998	5699.71699670904	3832803	1003500	999660	916199	913444	0	1.95701811893663e-181	6.763454619045e-178	2.08672347626528	1.40322756456469	0.477364216214608
Synechocystis_sp_PCC_7339_PCC_7339	GCF_019924095.1	CATTG	8096	5904.93479707027	3876863	1014678	1016886	924218	921081	0	8.15368535502085e-161	4.02559094099315e-158	2.08828632840521	1.37105662945115	0.475977355918948
Thermostichus_lividus_PCC_6715_PCC_6715	GCF_002754935.1	CATTG	4967	4124.66814972402	2659739	618651	617734	712290	711064	0	2.63210750461005e-37	1.76632301668589e-35	1.86747647043563	1.20421808972252	0.535147997604276
Thermosynechococcus_elongatus_PKUAC-SCTE542_PKUAC-SCTE542	GCF_003555505.1	CATTG	5731	4672.50098905689	2650294	617188	621084	704415	707607	0	6.77177134514963e-51	8.07008336856452e-49	2.16240160525587	1.22653799612288	0.532779382211936
Thermosynechococcus_sp_CL-1_CL-1	GCF_008386235.1	CAATG	5657	4652.81732358103	2647823	615940	615885	709339	706659	0	2.45844482550346e-46	2.69726517998094e-44	2.13647211312841	1.21582250206335	0.534778193255365
Thermosynechococcus_sp_HN-54_HN-54	GCF_023650955.1	CAATG	5728	4732.19270981853	2705963	634173	634630	719679	717481	0	6.16013723503096e-45	6.3079805286717e-43	2.11680647518092	1.21043253122709	0.531108518483069
Thermosynechococcus_sp_TA-1_TA-1	GCF_017086385.1	CATTG	5741	4633.57429661642	2658717	614256	619909	712402	712150	0	9.11370833885058e-56	1.24740499085416e-53	2.15931217952118	1.23900031217634	0.535804299592623
Thermosynechococcus_vestitus_BP-1_BP-1	GCF_000011345.1	CAATG	5568	4603.8785196432	2593857	598906	596397	698712	699842	0	2.19890497459332e-43	2.11094877560959e-41	2.14661024104259	1.20941505651012	0.53917929939854
Tolypothrix_sp_PCC_7910_PCC_7910	GCF_011769525.1	GGCCC	1993	1182.11902852484	8761534	2602021	2603489	1777600	1778424	0	2.4070057322064e-102	8.31861181050532e-100	0.227471582031183	1.68595543418928	0.405867739599025
Phormidium_sp_ETS-05_ETS-05	GCF_016446395.1	CGGCG	12310	10498.0093114366	6286783	1585611	1588215	1556273	1556683	1	9.12270423703631e-67	2.17434936849638e-64	1.95807617345787	1.17260326551524	0.49515889051028
