"spp"	"ID"	"palindrome"	"obs"	"markov2"	"genomesize"	"A"	"Th"	"C"	"G"	"N"	"pval"	"fdrs"	"frecObs"	"OE"	"GC"
Synechococcus_sp_A18-46_1	GCF_014280015.1	TATA	1152	780.360332881824	2471770	501122	504681	732542	733425	0	1.19881023104403e-35	1.37006883547889e-34	0.466062780922173	1.47624110485695	0.593083903437618
Cyanobium_sp_Candia_9D4	GCF_024346155.1	AATT	1302	800.33639438042	3220566	492683	489116	1121319	1117448	0	1.40129585196048e-59	2.82398553372188e-58	0.404276763773821	1.62681593532672	0.695147064211694
Synechococcus_sp_GreenBA-s	GCF_024345855.1	TTAA	350	160.075320825725	2852592	423036	422036	1006307	1001213	0	1.45404220150051e-38	1.81927555069258e-37	0.122695429279757	2.18647070763049	0.703752937679135
Synechococcus_sp_LTW-R	GCF_014217875.1	TCGA	13356	10575.3413513928	2415533	452903	451408	751571	759651	0	1.22011443687398e-149	5.45949510736831e-148	5.52921446322613	1.26293795691436	0.625626725033357
Synechococcus_sp_CB0101	GCF_000179235.2	TCGA	13891	10607.9624042936	2789647	508762	493841	899563	887458	21	2.88473381843603e-204	1.52313945613422e-202	4.97948306721245	1.30948804969158	0.640595650166474
Synechococcus_sp_A18-40	GCF_014280055.1	TATA	1149	722.124015299954	2401547	483836	488608	713182	715921	0	1.28719538040648e-48	2.15075683814753e-47	0.478441604515756	1.59113943817909	0.595076007256989
Synechococcus_sp_RS9909	GCF_014279595.1	TCGA	14123	11941.6513079813	2603169	463650	462039	835134	842346	0	1.76185269028908e-84	5.34631161191169e-83	5.42531045813775	1.18266725729638	0.644399191908017
Cyanobium_sp_N5-Cardenillas	GCF_024345515.1	AATT	1142	728.036941070145	2592858	400320	406761	892511	893266	0	1.00676773023901e-45	1.53633919527802e-44	0.440440625749655	1.56860172276611	0.688729193808531
Cyanobium_sp_Tous-M-B4	GCF_024345395.1	TCGA	12490	9821.40614110551	2743075	514036	511754	858623	858662	0	6.24696980590685e-148	2.74866671459901e-146	4.55328417925139	1.27171199526366	0.62604376475306
Synechococcus_sp_J7-Johnson	GCF_024345795.1	TCGA	16826	12770.4283627142	2995359	523876	516697	975418	979368	0	7.55162071989763e-258	4.98406967513244e-256	5.61735671750865	1.3175752231716	0.652604913133952
Synechococcus_lacustris_C3-12m-Tous	GCF_024346215.1	GATC	14932	13415.101571321	2569458	626321	615060	666867	661210	0	2.46612307071575e-38	3.04232004985495e-37	5.81134231421568	1.11307394287061	0.516870483969771
Synechococcus_sp_BS56D	GCF_004332405.1	TCGA	12594	11204.7166810151	2303823	444781	448465	703841	706736	0	2.36161707238149e-38	2.92993129380238e-37	5.46656579086154	1.12399093690061	0.61227663757155
Synechococcus_sp_M16_1	GCF_014279895.1	TCGA	10638	8815.85457013654	2112236	408113	408039	646320	649764	0	2.20331692315018e-79	6.25457707216824e-78	5.03636904209568	1.20668959717597	0.61360757036619
Synechococcus_elongatus_PCC_6301	GCF_022984195.1	GATC	28556	25529.4057473679	2749599	613457	611833	762623	761686	0	4.05265092914505e-78	1.08070691443868e-76	10.3855143968266	1.11855325903715	0.554375019775611
Synechococcus_sp_A18-25c	GCF_014280035.1	TCGA	13307	11873.1850100232	2511360	525081	525802	729280	731197	0	1.42541676869264e-38	1.7919525092136e-37	5.29872260448522	1.12076077217414	0.581548244775739
Cyanobium_sp_Aljojuca_7A6	GCF_024346455.1	AATT	1950	1400.91262860871	3131121	510591	513115	1051331	1056084	0	7.63782236414437e-44	1.10790390337039e-42	0.622780148068376	1.39194976201807	0.673054474739239
Synechococcus_sp_CC9616	GCF_000515235.1	TCGA	14759	13287.7227279224	2645910	572011	576849	748296	747154	1600	1.58009173920877e-36	1.82957990855752e-35	5.57804309292455	1.11072456147704	0.565535054513276
Candidatus_Synechococcus_spongiarum_LMB_bulk15N	GCF_002018015.1	GCGC	9847	8302.7037508089	1472743	289286	289901	440816	439927	12813	1.67064506630264e-61	3.64504378102394e-60	6.68616316628224	1.18599919924165	0.603277554403293
Synechococcus_sp_BSA11S	GCF_014224355.1	AATT	2223	1628.82691721821	2883234	491959	494850	945996	950429	0	1.85969814011151e-44	2.7737870564375e-43	0.771009220895703	1.36478589376245	0.657742312972169
Cyanobium_sp_T1B-Tous	GCF_024345475.1	TTAA	768	465.304493847438	2712772	447441	450469	906736	908126	0	7.52999783423379e-38	9.16091902413696e-37	0.283105251749871	1.65053209275862	0.669006462762075
Cyanobium_sp_Alchichica_3B3-8F6	GCF_024346435.1	AATT	2389	1731.59030396456	2480576	422544	422761	820147	815124	0	1.06896811526837e-50	1.82069408019904e-49	0.963082767873268	1.37965660498923	0.65923035617534
Synechococcus_sp_L2F	GCF_024345695.1	TCGA	15387	11307.181332815	3037934	516099	509860	1004570	1007405	0	9.04969747413097e-291	1.03874788398721e-288	5.06495532819344	1.36081659496737	0.662283973252875
Cyanobium_sp_Cruz-8H5	GCF_024345955.1	AATT	2854	2072.00270310093	3948278	658509	658265	1317509	1313995	0	1.34800068646355e-59	2.73747831712598e-58	0.722846770161574	1.37741133046243	0.666494101985726
Synechococcus_sp_BMK-MC-1	GCF_014279955.1	TCGA	13540	11753.7097528447	2601150	513644	517512	784619	785375	0	9.39673217681301e-59	1.83758318124343e-57	5.2053899236876	1.1519767192416	0.603576879457163
Synechococcus_sp_Cruz-9C9	GCF_024345935.1	AATT	2570	1959.23780596385	3152229	551572	544738	1030304	1025615	0	7.55861047558064e-40	9.92772719180741e-39	0.815296096825453	1.31173458993952	0.6522111813577
Vulcanococcus_limneticus_Candia_3B3	GCF_024346195.1	TTAA	615	357.588208289037	3444893	540402	541216	1180789	1182486	0	3.49267975349354e-35	3.94045920906964e-34	0.178525138516639	1.71985536923214	0.686022758907171
Candidatus_Synechococcus_spongiarum_15L	GCA_001007635.1	GCGC	14182	12047.7335357302	2209101	447423	448007	648300	648635	16736	1.79465643191882e-80	5.20647580248978e-79	6.41980606590645	1.17715086891158	0.591568922145719
Cyanobium_sp_Morenito_9A2	GCF_024345575.1	AATT	2417	1734.69808591724	3103610	520980	521758	1027573	1033299	0	3.70465457918526e-54	6.608302762871e-53	0.77877052851357	1.39332603155666	0.664024152519163
Synechococcus_sp_RS9917	GCF_000153065.1	TCGA	14040	11855.6740386331	2584918	458066	458723	835617	827136	5376	2.8952797041474e-85	8.99239813994017e-84	5.43150691820785	1.18424308514632	0.644592334608237
Synechococcus_lacustris_Maggiore-St4-Slac	GCF_024345595.1	GATC	12918	11617.2356805799	2296351	555903	551044	595534	593870	0	7.40764673752376e-33	7.63913569807138e-32	5.62544663250522	1.11196848847567	0.517953919065509
Synechococcus_sp_Cruz_CV-v-12	GCF_024346035.1	TCGA	17781	13592.8437437797	3022307	512887	519143	994857	995420	0	4.46135192957172e-259	3.36513402687695e-257	5.88325408371817	1.30811479445844	0.658529064056034
Synechococcus_sp_GFB01	GCF_001039265.1	AATT	1164	729.434431546768	2339812	375379	376841	794585	791145	1782	8.96909225837843e-50	1.51784638218712e-48	0.497475865582363	1.59575686265828	0.678256592313779
Cyanobium_sp_AMD-g	GCF_024346395.1	AATT	1639	1146.21824362928	3121205	499015	501656	1056727	1063807	0	8.97799142123977e-43	1.26073922085495e-41	0.525117702938449	1.42991965893897	0.679395938427626
Synechococcus_sp_BS55D	GCF_004332415.1	TCGA	12379	11023.2225093004	2235215	413998	444027	677110	700080	0	3.32669413958415e-37	3.9560687065325e-36	5.53816970626987	1.12299284438428	0.616133123659245
Candidatus_Synechococcus_spongiarum_LMB_bulk15M	GCA_002018045.1	GCGC	10128	8510.21663949984	1500513	294636	296419	450666	449736	9056	1.25976775484589e-65	2.89198858503752e-64	6.74969160547093	1.19009896328506	0.603706308663274
Synechococcus_sp_Cruz-7B9	GCF_024346015.1	AATT	2570	1959.45514459769	3155662	540878	556534	1026694	1031556	0	8.09204874846466e-40	1.05236496039146e-38	0.814409147747763	1.31158909510412	0.652240322315888
Synechococcus_elongatus_UTEX_2973	GCF_000817325.1	GATC	28496	25476.5157156375	2744626	610686	612439	760195	761306	0	6.40704829266521e-78	1.65829485221923e-76	10.382471054344	1.11852029995252	0.554356404114805
Cyanobium_sp_WAJ14-Wanaka	GCF_024345375.1	TCGA	9089	7124.85024055757	2144642	420110	411454	658897	654181	0	6.90041707784252e-111	2.49549329938414e-109	4.23800335906879	1.27567593607255	0.612259761769097
Cyanobium_sp_ATX_6A2	GCF_024346355.1	AATT	1735	1127.57887092784	3005893	482038	478730	1023959	1021166	0	3.15501871416909e-63	7.18038741845379e-62	0.577199521074103	1.53869502589414	0.680371856217104
Vulcanococcus_limneticus_Candia_3F8	GCF_024346175.1	TTAA	655	390.612713138908	3496329	551252	550262	1193882	1200933	0	2.27910141690047e-34	2.52807888261228e-33	0.187339349357569	1.67685274433726	0.684951273178239
Synechococcus_sp_WH_8103	GCF_001182765.1	TATA	1103	750.687788121307	2429688	490759	493904	723028	721997	0	1.73639350674059e-33	1.84099552521894e-32	0.453967752238147	1.46931922625303	0.594736855102383
Synechococcus_sp_JA-2-3Ba_2-13	GCF_000013225.1	TTAA	3350	2629.93967364029	3046682	634896	630988	891491	889305	0	1.26842590286088e-41	1.75321695473965e-40	1.09955682936388	1.27379347654885	0.584503787729594
Synechococcus_sp_CB0205	GCF_000179255.1	TTAA	1360	961.940670360097	2427308	443494	455398	765989	762427	0	7.84527707376465e-34	8.48833257161421e-33	0.560291483404661	1.41380860785405	0.62967534404369
Synechococcus_elongatus_PCC_11802	GCF_009498715.1	GATC	28258	25225.1882894194	2760484	620957	626474	755804	756749	500	2.67484797566055e-79	7.51185598905832e-78	10.2366106813153	1.12022949742867	0.548029626258703
Cyanobium_sp_A2C-AMD	GCF_024346475.1	TCGA	13634	10750.1970250481	3014533	567227	563788	942957	940561	0	7.99926481145046e-158	3.77108198254093e-156	4.52275692453856	1.26825582528698	0.624812533151901
Synechococcus_sp_SynAce01	GCF_001885215.1	TCGA	15322	12222.4709156158	2750634	499845	492702	881077	877010	0	3.9284550354272e-161	1.92057801731996e-159	5.57035214426929	1.25359267416413	0.639157008893222
Synechococcus_sp_PROS-7-1	GCF_014279795.1	TCGA	13281	11875.6794262735	2565218	522188	522687	760908	759435	0	3.77938680778094e-37	4.47425164687967e-36	5.17733775453002	1.11833601457929	0.592675944110793
Cyanobium_sp_HWJ4-Hawea	GCF_024345815.1	TCGA	9784	7843.05876936789	2350250	474527	465345	707058	703320	0	2.13987782163262e-99	7.63415871501368e-98	4.16296138708648	1.24747248333937	0.600097010956281
Synechococcus_elongatus_UTEX_3055	GCF_003957805.1	GATC	29613	26486.6216596775	2881223	645838	647167	795825	792393	0	2.76084247908531e-80	7.92241754867958e-79	10.2779271163669	1.11803613086232	0.551230501769561
Synechococcus_sp_HJ21-Hayes	GCF_024345835.1	TCGA	12829	10015.9155671301	2936087	507006	524938	945259	958884	0	1.51094072458693e-160	7.25251547801728e-159	4.36942093337152	1.28086143638249	0.648530850754763
Cyanobium_sp_WKJ7-Wakatipu	GCF_024345355.1	TCGA	12444	9945.33092443334	2810613	519787	541253	867246	882327	0	4.1202725406019e-129	1.64810901624076e-127	4.4275038932788	1.25124041568371	0.622488047980992
Cyanobium_sp_Cruz_CV11-17	GCF_024346115.1	AATT	2224	1617.09813996559	3421842	554584	565550	1146165	1155543	0	1.74616655437209e-46	2.74397601401329e-45	0.649942340996457	1.37530304749922	0.67265174721685
Synechococcus_sp_A15-127	GCF_014280215.1	AATT	3926	3109.84010233764	2543463	495399	506253	770716	771095	0	3.32248755540415e-45	5.02351784585118e-44	1.54356481694446	1.26244432858424	0.606185739678541
Synechococcus_sp_HK01-R	GCF_014217855.1	TCGA	13728	12104.8962801954	2479254	479952	481767	759705	757730	100	8.84184443095153e-48	1.41469510895224e-46	5.53714948125525	1.13408654500081	0.612077749103122
Vulcanococcus_limneticus_LL	GCF_002252705.1	TTAA	730	430.955114274518	3548884	564139	558888	1213778	1212027	52	2.15024491910872e-39	2.76909589582781e-38	0.205698467461884	1.69391190827124	0.683550249772319
Cyanobium_sp_Cruz-8D1	GCF_024345975.1	AATT	2890	2089.99076406987	3965486	661323	661314	1321487	1321362	0	1.13177624099539e-61	2.48990773018987e-60	0.728788350280394	1.38278123027313	0.666462824481035
Cyanobium_sp_NIES-981	GCF_900088535.1	TTAA	524	281.30993477659	3021545	482925	465347	1040867	1032406	0	2.57938072299802e-38	3.16723958544873e-37	0.173421213319676	1.86271416406302	0.686163204585733
Synechococcus_sp_RS9907	GCF_014279615.1	AATT	4443	3587.85549054898	2581635	513389	509992	779536	778718	0	2.08497681729488e-43	2.97531826900459e-42	1.72100238802154	1.23834418964298	0.603591909778106
Synechococcus_sp_KORDI-49	GCF_000737575.1	AATT	3439	2687.3778165779	2585813	495468	503489	795592	791264	0	3.46761465847983e-44	5.1429790440375e-43	1.32994922680024	1.27968608611171	0.613677787218179
Synechococcus_lacustris_Cruz_CV12-2	GCF_024346095.1	AATT	13634	12235.1438721836	1962093	464187	467700	513378	516828	0	6.67401304391158e-36	7.66060627648982e-35	6.94870222767219	1.11433099131728	0.525054622793109
Synechococcus_elongatus_PCC_7942_FACHB-805	GCF_014698905.1	GATC	28545	25513.9465248369	2743371	609814	612609	760336	760612	0	2.19867405865611e-78	6.04635366130429e-77	10.4050819229335	1.11879986783748	0.554408426712975
Cyanobium_sp_BA20m-p-22	GCF_024346275.1	TCGA	14713	11185.5943919452	3148136	567487	569103	1002363	1009183	0	5.49706770942864e-223	3.08771462827481e-221	4.67355921091084	1.31535254045998	0.638964136238079
Cyanobium_gracile_PCC_6307	GCF_000316515.1	TTAA	709	431.399798707738	3342364	527179	518741	1150343	1146101	0	1.43643741176587e-34	1.60465438698837e-33	0.21212531010985	1.64348709045256	0.687071785119754
Synechococcus_sp_A15-62	GCF_014280075.1	AATT	4354	3568.92692908298	2294140	459922	459747	686884	687587	0	2.79203640945672e-37	3.35044369134806e-36	1.89787894374362	1.21997454319378	0.59912254701108
Synechococcus_sp_BSF8S	GCF_014224335.1	AATT	2231	1638.26151957527	2884859	497036	490779	949352	947692	0	4.82213105429226e-44	7.07245887962865e-43	0.77334802151509	1.3618094384457	0.657586384637863
Synechococcus_sp_BO_8801	GCF_002252675.1	AATT	1428	855.077776760021	3271183	500946	507728	1124181	1137807	521	1.46663137354488e-71	3.65274228882877e-70	0.436539319261564	1.67002352161559	0.691599437667359
Synechococcus_sp_MW101C3	GCF_002252635.1	TCGA	15256	11154.696878558	3029138	515894	509947	1001527	1001770	0	3.06325902091058e-297	3.85095419771615e-295	5.03641630061093	1.36767499521441	0.661342269648989
Synechococcus_sp_KORDI-100	GCF_000737535.1	TCGA	16096	14606.16212158	2789000	588881	596497	800083	803539	0	2.64801021260926e-34	2.92499872857257e-33	5.7712441735389	1.10200063959436	0.574980996773037
Synechococcus_sp_EJ6-Ellesmere	GCF_024345875.1	AATT	2233	1623.61422978203	2892111	490229	494910	953055	953917	0	1.13020296217681e-46	1.78666815577651e-45	0.772100379273133	1.37532669955706	0.659370266217306
Cyanobium_sp_L1E-Cus	GCF_024345755.1	TCGA	11565	9147.0505821632	2601668	492802	484383	816209	808274	0	6.258103970197e-131	2.58146788770626e-129	4.4452251401793	1.26434197516649	0.624400576860691
Cyanobium_usitatum_str_Tous	GCF_003011885.1	TCGA	11350	9001.82987130207	2515215	463361	477740	781958	792156	0	1.0651081004837e-125	4.07519621054634e-124	4.51253670163386	1.26085475534079	0.625836757493892
Synechococcus_sp_RS9915	GCF_014279575.1	AATT	4677	3856.79359882259	2417983	488573	490734	719654	718972	50	1.03112324835068e-37	1.24869971359898e-36	1.9342567751717	1.21266536052845	0.594981746806053
Cyanobium_sp_To12R1	GCF_024345435.1	TCGA	11370	9031.82437757414	2522031	475545	467668	791526	787292	0	2.59185397577723e-124	9.77499213721699e-123	4.50827130990856	1.25888187421265	0.626010544676096
Synechococcus_sp_WH_8109	GCF_000161795.2	TCGA	10426	8908.81289410863	2111515	419815	422973	633359	635368	0	1.04951656889326e-55	1.95121390273113e-54	4.93768692147581	1.17030182628425	0.600860993173148
Cyanobium_sp_Maggiore-St4-Cus	GCF_024345615.1	TCGA	12363	9860.57249456497	2757080	522122	509803	865561	859594	0	1.68780391828084e-130	6.85508052963295e-129	4.48409186530677	1.25378115792104	0.625718151087382
Synechococcus_elongatus_PCC_11801	GCF_003846445.1	GATC	27639	24705.9934366666	2691022	603121	609732	736578	740791	800	7.36008076908934e-76	1.88646730392193e-74	10.2708190419848	1.11871639854727	0.549162485475176
Synechococcus_elongatus_PCC_6311	GCA_022984265.1	GATC	28547	25517.3993425839	2743999	612250	610433	760861	760435	20	2.65380737547132e-78	7.14903211351457e-77	10.4034294473139	1.11872685835818	0.554412406217395
Cyanobium_sp_CACIAM_14	GCF_000708525.1	AATT	1558	909.627018841739	3212489	502123	507844	1099840	1102681	1	6.75751444256583e-85	2.07439978236904e-83	0.48498220538654	1.7127899322778	0.685612210847169
Synechococcus_sp_WH_5701	GCF_000153045.1	AATT	2719	1963.66031058501	3280236	524638	528889	991991	998316	236402	1.3466922020724e-58	2.59508570326361e-57	0.828903773996749	1.38465903972463	0.653881584869609
Cyanobium_sp_T1G-Tous	GCF_024345455.1	TCGA	12460	9824.60188233388	2780711	531214	513625	876707	859165	0	2.04480304899729e-144	8.8496394251686e-143	4.48086838222311	1.26824477462084	0.624254731973226
Cyanobium_sp_BA20m-14	GCF_024346295.1	TCGA	13205	9991.80896797801	2778589	493506	488823	898282	897978	0	5.81327177853702e-207	3.13204846843627e-205	4.75241210556869	1.32158251246793	0.646464806417934
Synechococcus_sp_JA-3-3Ab	GCF_000013205.1	TTAA	3035	2303.75111215006	2932766	583006	583140	882286	884334	0	4.5077196222613e-48	7.34591345849989e-47	1.03485924209432	1.31741661848509	0.602373322658541
Synechococcus_sp_Minos11	GCF_014279855.1	TCGA	9591	7495.25984565646	2284343	451372	451826	692085	689060	0	1.099567919923e-119	4.08853423746018e-118	4.19858138642052	1.27960873905633	0.604613667912393
Synechococcus_sp_JJ3a-Johnson	GCF_024345775.1	TCGA	12408	9692.31076246418	2848959	493440	506444	921959	927116	0	9.90788711330942e-155	4.58891613669068e-153	4.35527503203802	1.28019007067468	0.649035314302522
Cyanobium_sp_N_Huapi_1H5	GCF_024345535.1	AATT	1178	684.755323802578	3137012	478336	470712	1098623	1089341	0	1.23120586577607e-65	2.85121358390248e-64	0.375516574370771	1.72032251382631	0.697467526423233
Synechococcus_elongatus_PCC_7943	GCA_022984345.1	GATC	28546	25515.8794504553	2743767	612324	610281	760156	760986	20	2.47642256659405e-78	6.73995420186423e-77	10.403944649819	1.11875430574237	0.554403157433976
Synechococcus_sp_RedBA-s	GCF_024345495.1	AATT	1967	1414.78747836261	2716594	459259	455434	900616	901285	0	6.28814074404978e-44	9.17165279795107e-43	0.724068447475037	1.3903148211889	0.663294183819886
Synechococcus_sp_A15-28	GCF_014280175.1	TATA	986	631.471156300364	2341586	464888	468759	705463	702476	0	4.89979246979055e-39	6.21896736550339e-38	0.42108212126311	1.56143315520021	0.601275801956452
Parasynechococcus_marenigrum_WH_8102	GCF_000195975.1	TATA	1146	754.663288866539	2434428	491716	496355	722963	723394	0	3.60671187910792e-40	4.85802008206372e-39	0.470747132385924	1.51855803363806	0.594126012352799
Cyanobium_sp_NS01	GCF_014280235.1	TCGA	13502	9898.2628695714	2748087	439261	442008	938354	928464	0	3.66028727753123e-259	2.84210541549484e-257	4.91323600744809	1.36407773544861	0.679315465631183
Synechococcus_sp_Cruz-7E5	GCF_024345995.1	AATT	2570	1958.88462381144	3155391	553700	543608	1027862	1030221	0	6.76638188271391e-40	8.93162408518237e-39	0.814479093082284	1.3119710925085	0.652243414524539
Cyanobium_sp_La_Preciosa_7G6	GCF_024345675.1	AATT	1949	1400.79036285534	3130083	510726	512675	1055194	1051488	0	1.01470838307239e-43	1.46384160180935e-42	0.622667194448198	1.39135737343823	0.673043494373791
Synechococcus_elongatus_FACHB-1061	GCF_014698895.1	GATC	28429	25413.1259572873	2734236	612818	605876	760894	754648	0	6.33599239778522e-78	1.65614058714386e-76	10.3974199739891	1.11867387143878	0.554283536607667
Synechococcus_sp_WH_7803	GCF_000063505.1	TCGA	12369	10697.781171473	2366980	468383	472822	713269	712506	0	1.63153553976729e-56	3.05478994679832e-55	5.22564618205477	1.15622107068179	0.602360391722786
Synechococcus_sp_NOUM97013	GCF_014279815.1	TCGA	13325	11789.3294595007	2552712	525575	525688	749993	751456	0	4.04799586576951e-44	5.97022853945895e-43	5.21993863780951	1.13025936256805	0.58817798482555
Cyanobium_sp_A1C-AMD	GCF_024346495.1	TCGA	11090	8770.85561090815	2464954	454905	451893	779663	778493	0	1.04050192959635e-125	4.03959572666819e-124	4.49906975951681	1.26441484069212	0.632123763770034
Cyanobium_sp._Lug-B	GCF_024345635.1	AATT	1371	851.211769255073	3181767	489562	488994	1099507	1103704	0	2.38858303588557e-60	4.926452511514e-59	0.430892645501698	1.61064502338803	0.692448881392006
Vulcanococcus_limneticus_MW73D5	GCF_024345555.1	TTAA	609	354.19009879898	3446141	537791	543698	1179068	1185584	0	7.87221679226142e-35	8.84368184322134e-34	0.176719408753153	1.71941565296447	0.686173897121447
Synechococcus_sp_Tobar12-5m-g	GCF_024345415.1	TCGA	17291	13137.3782498064	2951029	506964	502373	972368	969324	0	5.08266321581695e-263	4.47274362991892e-261	5.859312124686	1.31616823929499	0.657971168700816
Cyanobium_sp_ATX_6F1	GCF_024346315.1	AATT	2544	1768.2651505619	2964692	507417	490732	989851	976692	0	2.45978441760632e-67	5.90348260225516e-66	0.858099256179057	1.43869826263985	0.66332118142458
Cyanobium_sp_BA5m-21	GCF_024346235.1	TCGA	11670	9231.05199068321	2583130	483016	479169	809017	811928	0	5.37327316139167e-132	2.28797437839903e-130	4.51777494744748	1.26421127427062	0.627511971910047
Synechococcus_sp_Lug-A	GCF_024345655.1	TCGA	15115	11061.4535104832	3010822	506237	508169	999249	997167	0	6.19522322913835e-293	7.43426787496602e-291	5.02022371299266	1.36645694760415	0.663080049235724
Candidatus_Synechococcus_spongiarum_SP3	GCF_001007665.1	GCGC	15856	14401.0876923611	2129964	416802	415346	647167	650649	0	2.64553098573554e-33	2.79368072093673e-32	7.44425727383186	1.10102794585513	0.609313584642745
Synechococcus_sp_MEDNS5	GCF_014279875.1	TCGA	12444	11076.8217687174	2435869	496319	500268	720638	718644	0	1.31761898575384e-37	1.58836261296354e-36	5.10864911044067	1.12342694139431	0.590870034472297
Cyanobium_sp_PCC_7001	GCF_000155635.1	AATT	1198	749.899697586955	2834252	442331	443238	975165	971963	1555	2.19657811629432e-51	3.76556248507598e-50	0.422686479536753	1.59754698375656	0.687376023626953
Cyanobium_sp_BA5m-10	GCF_024346255.1	TCGA	12778	10223.3516638942	2866169	546415	547439	889317	882998	0	2.62618312370585e-131	1.10049578517197e-129	4.45821582746865	1.2498836409128	0.618356768215691
Synechococcus_sp_A15-24	GCF_014280195.1	AATT	4548	3664.91814492904	2305373	463389	467075	688868	686041	0	3.32998342054529e-45	5.02351784585118e-44	1.97278271238537	1.24095541023006	0.596393295141394
Candidatus_Synechococcus_spongiarum_SH4	GCF_000586015.1	GCGC	13679	12135.7444045215	1658709	306287	306578	523719	522123	2	1.76713437114652e-43	2.53545366294935e-42	8.24677505216406	1.12716612545857	0.630516420320165
Synechococcus_sp_Edmonson_11F2	GCF_024345895.1	TCGA	17732	13547.3762950767	3150148	551942	542916	1026029	1029261	0	2.15359249095194e-259	1.72287399276155e-257	5.62894187828635	1.30888812813475	0.652442361438256
Synechococcus_sp_BOUM118	GCF_014279915.1	TATA	986	639.032230765308	2326334	466411	469253	696476	694094	100	3.25821849412193e-37	3.89217050881533e-36	0.42384283598142	1.54295816788327	0.59777735171956
Synechococcus_sp_Cruz-9H2	GCF_024345915.1	AATT	2570	1959.95501424833	3155699	545926	551535	1030257	1027981	0	9.46365730500407e-40	1.22470859241229e-38	0.814399598947808	1.31125458559855	0.652228872272039
Cyanobium_sp_Aljojuca_7D2	GCF_024346415.1	TTAA	993	630.221223342048	2537363	425013	435684	835996	840670	0	1.01194838911515e-40	1.37002243449436e-39	0.391351178369039	1.57563719408582	0.660790750081876
Synechococcus_sp_A15-44	GCF_014280115.1	AATT	4198	3402.46668236759	2621965	514199	513918	797848	796000	0	7.7815779588116e-40	1.01699830748825e-38	1.60108925939133	1.2338107590458	0.607883019033435
Synechococcus_sp_A15-60	GCF_014280095.1	TCGA	13493	12021.4131016538	2543402	529242	533366	739163	741631	0	4.97462834229687e-40	6.66650701708819e-39	5.30509923323171	1.1224138032611	0.582209969167281
Synechococcus_sp_PROS-U-1	GCF_014279755.1	TCGA	13262	11655.9938056597	2576003	534992	537111	753790	750110	0	1.78200982054555e-48	2.95880875864167e-47	5.14828592979123	1.13778372064341	0.583811431896624
Synechococcus_sp_1G10	GCF_002252625.1	TCGA	18654	14300.4721511543	3340220	599177	584732	1081471	1074840	0	3.14172682114505e-266	3.07191066956405e-264	5.58466208812593	1.30443245529444	0.645559573920281
Synechococcus_sp_KORDI-52	GCF_000737595.1	TCGA	12893	11132.1788325124	2572069	528371	523984	760568	759146	0	4.21006439375819e-60	8.61594573606326e-59	5.01269600465617	1.15817399216989	0.590852733733037
Synechococcus_elongatus_FACHB-242	GCF_014698415.1	GATC	28438	25421.0489921556	2735070	611026	608025	759102	756917	0	5.90809152958652e-78	1.55973616381084e-76	10.3975400995221	1.11867924918344	0.554288921307316
Synechococcus_sp_RS9916	GCF_000153825.1	TCGA	13105	11234.9389964931	2664873	531905	539017	798619	794924	408	9.41060002886672e-67	2.23819676362235e-65	4.917682756364	1.16645048131464	0.598072408532294
Synechococcus_sp_CC9605	GCF_000012625.1	TCGA	12558	10660.4962308973	2510659	512396	511510	742452	744301	0	5.2268016839885e-72	1.31416728054568e-70	5.00187400997109	1.17799394399701	0.592176396714966
Synechococcus_sp_WH_8101	GCF_014304795.1	TCGA	14041	12215.558994257	2623023	481392	480077	828172	833382	0	4.43569956337387e-59	8.73899018455747e-58	5.35298394257313	1.14943573246228	0.633450030746966
Synechococcus_sp_ATX_2A4	GCF_024346375.1	TCGA	14068	10261.7279692802	2920482	489765	500091	965250	965376	0	3.73529169493705e-278	4.10882086443075e-276	4.81701308208713	1.3709192099142	0.661064166805342
Cyanobium_sp_CH-040	GCF_024346135.1	TATA	471	228.362501327013	2900923	444879	445862	1004895	1005287	0	6.94822827582012e-45	1.04223424137302e-43	0.162362117160642	2.0625102513023	0.69294565901956
Cyanobium_sp_ATX_6E8	GCF_024346335.1	AATT	2563	1821.38475712262	2621355	445453	448411	862050	865441	0	1.79582462465132e-60	3.7330527630547e-59	0.977738612282579	1.40717110428055	0.659006887659245
Synechococcus_sp_8F6	GCF_002252665.1	AATT	2538	1817.74194424618	2510697	428462	429338	826983	825286	628	1.97841892972389e-57	3.75757264350437e-56	1.0108746694643	1.39623779273714	0.658256406497192
Synechococcus_sp_RCC307	GCF_000063525.1	TCGA	9455	7325.53032753647	2224914	436514	434684	677506	676209	1	6.39191067788373e-126	2.51860361039e-124	4.24960245654439	1.29069153730194	0.608435026448225
Synechococcus_lacustris_str_Tous	GCF_003011125.1	GATC	15253	13700.8938443533	2668880	647862	631784	690110	681491	64	3.05767704467359e-39	3.89964608596052e-38	5.71513144090405	1.11328502893893	0.51734183951929
Synechococcus_sp_RS9902	GCF_014279635.1	AATT	4762	3896.41699768745	2481217	494100	504005	739112	744000	0	2.93720334230298e-41	4.03865459566659e-40	1.9192194797956	1.22214845146869	0.59773570792075
Synechococcus_sp_Cruz_CV12-2-Slac-r	GCF_024346075.1	GATC	11219	9910.99581856133	1910488	481931	477819	475813	474925	0	2.36392183931783e-38	2.92993129380238e-37	5.87232162672574	1.13197505128486	0.497641440302164
Synechococcus_sp_TAK9802	GCF_014279535.1	TCGA	10890	9194.64571510215	2190394	433260	426242	666933	663959	0	1.11526387541722e-66	2.62883627776916e-65	4.97170828627178	1.1843849493965	0.607603928790893
Cyanobium_sp_Cruz_CV13-4-11	GCF_024346055.1	AATT	2191	1593.64583098858	3414812	559694	557070	1150548	1147500	0	9.79333233571411e-46	1.50316263757472e-44	0.641616580942084	1.37483495855592	0.672964719580463
