"spp"	"ID"	"palindrome"	"obs"	"markov2"	"genomesize"	"A"	"Th"	"C"	"G"	"N"	"pval"	"fdrs"	"frecObs"	"OE"	"GC"
Cyanobium_sp_Candia_9D4	GCF_024346155.1	TCGA	18906	13061.7740193788	3220566	492683	489116	1121319	1117448	0	0	0	5.87039669424567	1.44742972676992	0.695147064211694
Synechococcus_sp_GreenBA-s	GCF_024345855.1	TCGA	13719	10115.071842485	2852592	423036	422036	1006307	1001213	0	3.37268623362867e-254	2.11997420399516e-252	4.8093102693971	1.35629288784465	0.703752937679135
Synechococcus_sp_LTW-R	GCF_014217875.1	TCGA	13356	10575.3413513928	2415533	452903	451408	751571	759651	0	1.22011443687398e-149	5.45949510736831e-148	5.52921446322613	1.26293795691436	0.625626725033357
Synechococcus_sp_CB0101	GCF_000179235.2	TCGA	13891	10607.9624042936	2789647	508762	493841	899563	887458	21	2.88473381843603e-204	1.52313945613422e-202	4.97948306721245	1.30948804969158	0.640595650166474
Cyanobium_sp_N5-Cardenillas	GCF_024345515.1	TCGA	14702	10591.2413227461	2592858	400320	406761	892511	893266	0	8.48378245425382e-313	1.39982410495188e-310	5.67019096302227	1.38812812889321	0.688729193808531
Cyanobium_sp_Tous-M-B4	GCF_024345395.1	TCGA	12490	9821.40614110551	2743075	514036	511754	858623	858662	0	6.24696980590685e-148	2.74866671459901e-146	4.55328417925139	1.27171199526366	0.62604376475306
Synechococcus_sp_J7-Johnson	GCF_024345795.1	TCGA	16826	12770.4283627142	2995359	523876	516697	975418	979368	0	7.55162071989763e-258	4.98406967513244e-256	5.61735671750865	1.3175752231716	0.652604913133952
Cyanobium_sp_Aljojuca_7A6	GCF_024346455.1	TCGA	16903	12791.2660767705	3131121	510591	513115	1051331	1056084	0	3.25810649006872e-264	2.97999023454502e-262	5.39838607323064	1.32144854923287	0.673054474739239
Synechococcus_sp_BSA11S	GCF_014224355.1	TCGA	16596	12434.36606031	2883234	491959	494850	945996	950429	0	2.24864764978307e-277	2.37457191817092e-275	5.75603645073553	1.33468806688697	0.657742312972169
Cyanobium_sp_T1B-Tous	GCF_024345475.1	TCGA	13374	9778.51906645722	2712772	447441	450469	906736	908126	0	7.23390053820539e-261	5.96796794401944e-259	4.93001254805048	1.36769176488863	0.669006462762075
Cyanobium_sp_Alchichica_3B3-8F6	GCF_024346435.1	TCGA	12488	9426.75396868468	2480576	422544	422761	820147	815124	0	4.49058903118329e-199	2.27983750813921e-197	5.03431461080007	1.32474020659547	0.65923035617534
Synechococcus_sp_L2F	GCF_024345695.1	TCGA	15387	11307.181332815	3037934	516099	509860	1004570	1007405	0	9.04969747413097e-291	1.03874788398721e-288	5.06495532819344	1.36081659496737	0.662283973252875
Cyanobium_sp_Cruz-8H5	GCF_024345955.1	TCGA	20999	16014.8091497827	3948278	658509	658265	1317509	1313995	0	1.5907688236796e-310	2.33312760806341e-308	5.31852113756934	1.31122386808368	0.666494101985726
Synechococcus_sp_Cruz-9C9	GCF_024345935.1	TCGA	17727	13548.983142996	3152229	551572	544738	1030304	1025615	0	1.37362131723412e-258	9.97651229293434e-257	5.62363965308358	1.3083638685582	0.6522111813577
Vulcanococcus_limneticus_Candia_3B3	GCF_024346195.1	TCGA	16390	12644.8723308252	3444893	540402	541216	1180789	1182486	0	1.45588337971541e-223	8.54118249433041e-222	4.75776751266295	1.29617757864151	0.686022758907171
Cyanobium_sp_Morenito_9A2	GCF_024345575.1	TCGA	17454	13035.559271433	3103610	520980	521758	1027573	1033299	0	1.11221261214708e-297	1.46812064803414e-295	5.62377360557544	1.33895290846859	0.664024152519163
Synechococcus_sp_Cruz_CV-v-12	GCF_024346035.1	TCGA	17781	13592.8437437797	3022307	512887	519143	994857	995420	0	4.46135192957172e-259	3.36513402687695e-257	5.88325408371817	1.30811479445844	0.658529064056034
Synechococcus_sp_GFB01	GCF_001039265.1	TCGA	14694	10932.6270206196	2339812	375379	376841	794585	791145	1782	2.47954016535977e-257	1.5965819601341e-255	6.27999172583096	1.34405024266228	0.678256592313779
Cyanobium_sp_AMD-g	GCF_024346395.1	TCGA	17364	12673.0149155635	3121205	499015	501656	1056727	1063807	0	0	0	5.56323599379086	1.37015541413713	0.679395938427626
Synechococcus_sp_Cruz-7B9	GCF_024346015.1	TCGA	17745	13564.7305754714	3155662	540878	556534	1026694	1031556	0	1.39822331378246e-258	9.97651229293434e-257	5.62322580808718	1.30817194645116	0.652240322315888
Cyanobium_sp_ATX_6A2	GCF_024346355.1	TCGA	15292	10923.4701544544	3005893	482038	478730	1023959	1021166	0	0	0	5.08734010159377	1.39992143373635	0.680371856217104
Vulcanococcus_limneticus_Candia_3F8	GCF_024346175.1	TCGA	16620	12846.6717462055	3496329	551252	550262	1193882	1200933	0	1.56315577757365e-223	8.97115489737922e-222	4.75355723102717	1.29372029801486	0.684951273178239
Synechococcus_sp_CB0205	GCF_000179255.1	TCGA	12763	10044.6633941666	2427308	443494	455398	765989	762427	0	3.45969385689278e-150	1.57475720382706e-148	5.25808838433359	1.27062495766778	0.62967534404369
Cyanobium_sp_A2C-AMD	GCF_024346475.1	TCGA	13634	10750.1970250481	3014533	567227	563788	942957	940561	0	7.99926481145046e-158	3.77108198254093e-156	4.52275692453856	1.26825582528698	0.624812533151901
Synechococcus_sp_SynAce01	GCF_001885215.1	TCGA	15322	12222.4709156158	2750634	499845	492702	881077	877010	0	3.9284550354272e-161	1.92057801731996e-159	5.57035214426929	1.25359267416413	0.639157008893222
Synechococcus_sp_HJ21-Hayes	GCF_024345835.1	TCGA	12829	10015.9155671301	2936087	507006	524938	945259	958884	0	1.51094072458693e-160	7.25251547801728e-159	4.36942093337152	1.28086143638249	0.648530850754763
Cyanobium_sp_WKJ7-Wakatipu	GCF_024345355.1	TCGA	12444	9945.33092443334	2810613	519787	541253	867246	882327	0	4.1202725406019e-129	1.64810901624076e-127	4.4275038932788	1.25124041568371	0.622488047980992
Cyanobium_sp_Cruz_CV11-17	GCF_024346115.1	TCGA	18854	13972.6733019218	3421842	554584	565550	1146165	1155543	0	0	0	5.50989788540792	1.34934808769964	0.67265174721685
Vulcanococcus_limneticus_LL	GCF_002252705.1	TCGA	16852	13030.7477990603	3548884	564139	558888	1213778	1212027	52	5.19773796118866e-226	3.19116935291583e-224	4.74853503242146	1.29324888025346	0.683550249772319
Cyanobium_sp_Cruz-8D1	GCF_024345975.1	TCGA	20973	15941.258516096	3965486	661323	661314	1321487	1321362	0	1.75320923656527e-317	3.08564825635487e-315	5.28888514547775	1.31564267518926	0.666462824481035
Cyanobium_sp_NIES-981	GCF_900088535.1	TCGA	14822	10351.300300906	3021545	482925	465347	1040867	1032406	0	0	0	4.90543745004625	1.43189740120888	0.686163204585733
Cyanobium_sp_BA20m-p-22	GCF_024346275.1	TCGA	14713	11185.5943919452	3148136	567487	569103	1002363	1009183	0	5.49706770942864e-223	3.08771462827481e-221	4.67355921091084	1.31535254045998	0.638964136238079
Cyanobium_gracile_PCC_6307	GCF_000316515.1	TCGA	19274	13643.3599519621	3342364	527179	518741	1150343	1146101	0	0	0	5.76657718907935	1.41270186140827	0.687071785119754
Synechococcus_sp_BSF8S	GCF_014224335.1	TCGA	16605	12443.1681769978	2884859	497036	490779	949352	947692	0	3.18808667830798e-277	3.23713416566656e-275	5.75591389388528	1.33446721637144	0.657586384637863
Synechococcus_sp_BO_8801	GCF_002252675.1	TCGA	19464	13624.4478228436	3271183	500946	507728	1124181	1137807	521	0	0	5.95014097346434	1.42860835558895	0.691599437667359
Synechococcus_sp_MW101C3	GCF_002252635.1	TCGA	15256	11154.696878558	3029138	515894	509947	1001527	1001770	0	3.06325902091058e-297	3.85095419771615e-295	5.03641630061093	1.36767499521441	0.661342269648989
Synechococcus_sp_EJ6-Ellesmere	GCF_024345875.1	TCGA	16447	12007.5110127813	2892111	490229	494910	953055	953917	0	2.47032822920623e-323	4.65903904028295e-321	5.68684950197278	1.3697259975438	0.659370266217306
Cyanobium_sp_L1E-Cus	GCF_024345755.1	TCGA	11565	9147.0505821632	2601668	492802	484383	816209	808274	0	6.258103970197e-131	2.58146788770626e-129	4.4452251401793	1.26434197516649	0.624400576860691
Cyanobium_sp_Maggiore-St4-Cus	GCF_024345615.1	TCGA	12363	9860.57249456497	2757080	522122	509803	865561	859594	0	1.68780391828084e-130	6.85508052963295e-129	4.48409186530677	1.25378115792104	0.625718151087382
Cyanobium_sp_CACIAM_14	GCF_000708525.1	TCGA	19203	13898.4881254288	3212489	502123	507844	1099840	1102681	1	0	0	5.97760801671228	1.38166107181587	0.685612210847169
Synechococcus_sp_WH_5701	GCF_000153045.1	TCGA	17592	13077.1500595139	3280236	524638	528889	991991	998316	236402	3.98455256340662e-309	5.5364309302071e-307	5.36302875768695	1.3452472381168	0.653881584869609
Cyanobium_sp_T1G-Tous	GCF_024345455.1	TCGA	12460	9824.60188233388	2780711	531214	513625	876707	859165	0	2.04480304899729e-144	8.8496394251686e-143	4.48086838222311	1.26824477462084	0.624254731973226
Cyanobium_sp_BA20m-14	GCF_024346295.1	TCGA	13205	9991.80896797801	2778589	493506	488823	898282	897978	0	5.81327177853702e-207	3.13204846843627e-205	4.75241210556869	1.32158251246793	0.646464806417934
Synechococcus_sp_JJ3a-Johnson	GCF_024345775.1	TCGA	12408	9692.31076246418	2848959	493440	506444	921959	927116	0	9.90788711330942e-155	4.58891613669068e-153	4.35527503203802	1.28019007067468	0.649035314302522
Cyanobium_sp_N_Huapi_1H5	GCF_024345535.1	TCGA	18809	12931.0219098627	3137012	478336	470712	1098623	1089341	0	0	0	5.99583297736827	1.45456408094507	0.697467526423233
Synechococcus_sp_RedBA-s	GCF_024345495.1	TCGA	14633	10851.6668564365	2716594	459259	455434	900616	901285	0	1.84270029104785e-261	1.5692673446343e-259	5.38652444936564	1.34845643472004	0.663294183819886
Cyanobium_sp_NS01	GCF_014280235.1	TCGA	13502	9898.2628695714	2748087	439261	442008	938354	928464	0	3.66028727753123e-259	2.84210541549484e-257	4.91323600744809	1.36407773544861	0.679315465631183
Synechococcus_sp_Cruz-7E5	GCF_024345995.1	TCGA	17743	13565.2512595085	3155391	553700	543608	1027862	1030221	0	2.81899716055067e-258	1.90824423175738e-256	5.62307492161827	1.30797429849028	0.652243414524539
Cyanobium_sp_La_Preciosa_7G6	GCF_024345675.1	TCGA	16898	12786.9452109396	3130083	510726	512675	1055194	1051488	0	3.27347412128051e-264	2.97999023454502e-262	5.39857888752471	1.32150405911987	0.673043494373791
Cyanobium_sp._Lug-B	GCF_024345635.1	TCGA	18671	12987.7294474187	3181767	489562	488994	1099507	1103704	0	0	0	5.86812296437797	1.4375876919511	0.692448881392006
Vulcanococcus_limneticus_MW73D5	GCF_024345555.1	TCGA	16425	12666.4334236768	3446141	537791	543698	1179068	1185584	0	9.66992321862783e-225	5.80195393117669e-223	4.76620080257888	1.2967344042797	0.686173897121447
Synechococcus_sp_Tobar12-5m-g	GCF_024345415.1	TCGA	17291	13137.3782498064	2951029	506964	502373	972368	969324	0	5.08266321581695e-263	4.47274362991892e-261	5.859312124686	1.31616823929499	0.657971168700816
Cyanobium_sp_ATX_6F1	GCF_024346315.1	TCGA	17359	12660.4577740108	2964692	507417	490732	989851	976692	0	0	0	5.85524567138846	1.37111945791047	0.66332118142458
Cyanobium_sp_BA5m-21	GCF_024346235.1	TCGA	11670	9231.05199068321	2583130	483016	479169	809017	811928	0	5.37327316139167e-132	2.28797437839903e-130	4.51777494744748	1.26421127427062	0.627511971910047
Synechococcus_sp_Lug-A	GCF_024345655.1	TCGA	15115	11061.4535104832	3010822	506237	508169	999249	997167	0	6.19522322913835e-293	7.43426787496602e-291	5.02022371299266	1.36645694760415	0.663080049235724
Cyanobium_sp_PCC_7001	GCF_000155635.1	TCGA	14289	10247.7949041161	2834252	442331	443238	975165	971963	1555	9.22055265683444e-312	1.43189758906135e-309	5.04154182479187	1.39434874855475	0.687376023626953
Cyanobium_sp_BA5m-10	GCF_024346255.1	TCGA	12778	10223.3516638942	2866169	546415	547439	889317	882998	0	2.62618312370585e-131	1.10049578517197e-129	4.45821582746865	1.2498836409128	0.618356768215691
Synechococcus_sp_Edmonson_11F2	GCF_024345895.1	TCGA	17732	13547.3762950767	3150148	551942	542916	1026029	1029261	0	2.15359249095194e-259	1.72287399276155e-257	5.62894187828635	1.30888812813475	0.652442361438256
Synechococcus_sp_Cruz-9H2	GCF_024345915.1	TCGA	17746	13566.8802474743	3155699	545926	551535	1030257	1027981	0	2.07676445986327e-258	1.44280478264185e-256	5.62347676378514	1.30803837553617	0.652228872272039
Cyanobium_sp_Aljojuca_7D2	GCF_024346415.1	TCGA	12561	9473.25556959911	2537363	425013	435684	835996	840670	0	1.97151874253527e-201	1.02055087848885e-199	4.95041505689174	1.32594332621088	0.660790750081876
Synechococcus_sp_1G10	GCF_002252625.1	TCGA	18654	14300.4721511543	3340220	599177	584732	1081471	1074840	0	3.14172682114505e-266	3.07191066956405e-264	5.58466208812593	1.30443245529444	0.645559573920281
Synechococcus_sp_ATX_2A4	GCF_024346375.1	TCGA	14068	10261.7279692802	2920482	489765	500091	965250	965376	0	3.73529169493705e-278	4.10882086443075e-276	4.81701308208713	1.3709192099142	0.661064166805342
Cyanobium_sp_CH-040	GCF_024346135.1	TCGA	15384	10379.6990224507	2900923	444879	445862	1004895	1005287	0	0	0	5.3031397248393	1.48212390038722	0.69294565901956
Cyanobium_sp_ATX_6E8	GCF_024346335.1	TCGA	13126	9920.91512671993	2621355	445453	448411	862050	865441	0	2.40700977130106e-207	1.32385537421558e-205	5.00733399329736	1.32306343037326	0.659006887659245
Synechococcus_sp_8F6	GCF_002252665.1	TCGA	12551	9490.48540190768	2510697	428462	429338	826983	825286	628	8.90939915542482e-198	4.4378893906267e-196	4.99901023500645	1.32248240932725	0.658256406497192
Cyanobium_sp_Cruz_CV13-4-11	GCF_024346055.1	TCGA	18855	13964.5204772782	3414812	559694	557070	1150548	1147500	0	0	0	5.52153383553765	1.35020747978272	0.672964719580463
