"spp"	"ID"	"palindrome"	"obs"	"markov3"	"genomesize"	"A"	"Th"	"C"	"G"	"N"	"pval"	"fdrs"	"frecObs"	"OE"	"GC"
Thermosynechococcus_elongatus_BP1	GCF_000011345.1	CAATG	5568	4603.8785196432	2593857	598906	596397	698712	699842	0	2.19890497459332e-43	2.68246098593545e-41	2.14661024104259	1.20941505651012	0.53917929939854
Thermosynechococcus_elongatus_BP1	GCF_000011345.1	CATTG	5415	4458.96317966886	2593857	598906	596397	698712	699842	0	5.9639252418675e-44	7.7133433128153e-42	2.08762472256566	1.2144078750617	0.53917929939854
Cyanothece_PCC_8801	GCF_000021805.1	GCAGC	3275	2549.28271126312	4787694	1441767	1442443	952377	951107	0	2.23164342404993e-43	2.68246098593545e-41	0.684045388030229	1.28467509136219	0.397578458439491
Cyanothece_PCC_8801	GCF_000021805.1	GCTGC	3282	2512.76289513423	4787694	1441767	1442443	952377	951107	0	7.07998498655105e-49	1.2927219646032e-46	0.685507469775637	1.30613198975333	0.397578458439491
Fischerella_thermalis_PCC_7521	GCF_000317225.1	GGGCC	875	542.527890365241	5438272	1606402	1601345	1112502	1118022	1	1.97998656402903e-39	1.89103947530649e-37	0.160896696597743	1.61282030940553	0.41015315345631
Fischerella_thermalis_PCC_7521	GCF_000317225.1	GGCCC	864	549.262054826425	5438272	1606402	1601345	1112502	1118022	1	1.88579368038027e-35	1.5609342890401e-33	0.158873995269085	1.57301964045748	0.41015315345631
Cyanobacterium_stanieri_PCC_7202	GCF_000317655.1	CAATG	4327	3218.84263816711	3163381	972419	967850	612211	610901	0	3.90354804138582e-77	2.69258069343591e-74	1.36784029492496	1.34427199040209	0.386647071598394
Cyanobacterium_stanieri_PCC_7202	GCF_000317655.1	CATTG	4166	3149.68183940879	3163381	972419	967850	612211	610901	0	5.51082207358657e-67	2.85093195273545e-64	1.3169453821718	1.32267327698787	0.386647071598394
Cyanobacterium_stanieri_PCC_7202	GCF_000317655.1	CCGGG	796	464.408902853903	3163381	972419	967850	612211	610901	0	1.80119038323253e-44	2.37910423385266e-42	0.251629506531145	1.7140067623777	0.386647071598394
Cyanobacterium_stanieri_PCC_7202	GCF_000317655.1	CCCGG	736	454.360742660124	3163381	972419	967850	612211	610901	0	5.19993771643395e-34	4.08622953716733e-32	0.232662458300154	1.61985825555918	0.386647071598394
Geminocystis_herdmanii_PCC_6308	GCF_000332235.1	CCGGG	870	500.409587256914	4263418	1402199	1398894	730751	730574	1000	1.08890037535242e-50	2.33099776903028e-48	0.204061623795743	1.73857580301182	0.342839439961074
Geminocystis_herdmanii_PCC_6308	GCF_000332235.1	CCCGG	849	483.564809977303	4263418	1402199	1398894	730751	730574	1000	4.57126501144802e-51	1.05105234040997e-48	0.199135998393777	1.75571088400715	0.342839439961074
Geitlerinema_PCC_7407	GCF_000317045.1	CAATG	4606	3570.75603986344	4681111	970579	973810	1365855	1370867	0	5.1321823176044e-62	1.99128673923051e-59	0.983954450129467	1.28992290388345	0.584630870748418
Geitlerinema_PCC_7407	GCF_000317045.1	CATTG	4602	3602.82266205838	4681111	970579	973810	1365855	1370867	0	1.29466331297563e-57	4.01863492347636e-55	0.983099952126749	1.27733181221048	0.584630870748418
Leptolyngbya_PCC_6406	GCF_000332095.2	CAATG	8120	6855.98589004787	5776957	1297124	1288693	1593714	1589698	7728	4.35367040908659e-50	8.71857609664824e-48	1.40558428944512	1.18436649815557	0.551791582549419
Leptolyngbya_PCC_6406	GCF_000332095.2	CATTG	8109	6894.13503006562	5776957	1297124	1288693	1593714	1589698	7728	2.74784688415068e-46	4.37400857866857e-44	1.40368017279685	1.17621717077433	0.551791582549419
Leptolyngbya_PCC_6406	GCF_000332095.2	CGGCG	8676	7583.03424797805	5776957	1297124	1288693	1593714	1589698	7728	6.45950308167673e-35	5.20786949753885e-33	1.50182873093914	1.14413303649702	0.551791582549419
Pseudanabaena_PCC_7367	GCF_000317065.1	CAATG	7543	6326.38910477223	4885680	1314560	1312767	1130783	1127570	0	3.61188980571508e-50	7.47420397129308e-48	1.54389972327291	1.19230731386883	0.462239237936173
Pseudanabaena_PCC_7367	GCF_000317065.1	CAGTG	4840	3919.43562310338	4885680	1314560	1312767	1130783	1127570	0	6.10729720062263e-46	9.24734171255252e-44	0.990650226785217	1.23487166659156	0.462239237936173
Pseudanabaena_PCC_7367	GCF_000317065.1	CACTG	4931	3952.87927177704	4885680	1314560	1312767	1130783	1127570	0	5.28649580681062e-51	1.17209164173858e-48	1.00927608848717	1.24744513074472	0.462239237936173
Pseudanabaena_PCC_7367	GCF_000317065.1	CATTG	7559	6425.45009002337	4885680	1314560	1312767	1130783	1127570	0	2.24690675368305e-43	2.68246098593545e-41	1.54717460005567	1.17641564312151	0.462239237936173
Microchaete_PCC_7126	GCF_000332295.1	GGGCC	1172	701.999435639214	5742264	1653363	1665362	1207597	1215742	200	4.96240033165864e-59	1.62139901362825e-56	0.204100682239618	1.66951701169506	0.422032739447
Microchaete_PCC_7126	GCF_000332295.1	GGCCC	1203	706.061620207976	5742264	1653363	1665362	1207597	1215742	200	7.07672661027487e-65	3.37940913819895e-62	0.20949924977326	1.70381729521801	0.422032739447
Synechocystis_PCC_6803	GCF_000009725.1	CAATG	8120	5851.18536008103	3947019	1037565	1039901	933284	936269	0	4.72457528240899e-173	9.77672111773167e-170	2.05724877432817	1.38775299367504	0.473662021895512
Synechocystis_PCC_6803	GCF_000009725.1	CACTG	4473	3672.18708766782	3947019	1037565	1039901	933284	936269	0	1.13014224961239e-37	1.00227472651339e-35	1.13326031620319	1.21807519421369	0.473662021895512
Synechocystis_PCC_6803	GCF_000009725.1	CATTG	8060	5803.77937140429	3947019	1037565	1039901	933284	936269	0	1.71009940127202e-172	2.65407427077417e-169	2.04204742870506	1.38875024087103	0.473662021895512
Synechocystis_PCC_6803	GCF_000009725.1	CGGCG	4685	3636.03009226238	3947019	1037565	1039901	933284	936269	0	1.51500801775455e-62	6.2701131828135e-60	1.18697173740486	1.28849318655802	0.473662021895512
Synechocystis_PCC_6803	GCF_000009725.1	CGCCG	4611	3598.51896373645	3947019	1037565	1039901	933284	936269	0	4.09024396218941e-59	1.41067969540399e-56	1.16822341113635	1.2813604837064	0.473662021895512
Synechocystis_PCC_6803	GCF_000009725.1	CCTGG	7674	6597.27718272151	3947019	1037565	1039901	933284	936269	0	1.61122391976451e-38	1.44963450636204e-36	1.94425210519635	1.16320715159558	0.473662021895512
Leptolyngbya_Heron_Island_J	GCF_000482245.1	CAATG	12739	11099.1689783704	8064168	2091263	2098140	1931671	1943090	0	1.47858709038518e-52	3.82461194046299e-50	1.57970419267059	1.14774358556259	0.480491344174052
Leptolyngbya_Heron_Island_J	GCF_000482245.1	CATTG	12547	11027.5433150651	8064168	2091263	2098140	1931671	1943090	0	7.88204894617748e-46	1.13794790367139e-43	1.55589516488248	1.13778741479611	0.480491344174052
Leptolyngbya_Heron_Island_J	GCF_000482245.1	CCAGG	13078	11516.6335345225	8064168	2091263	2098140	1931671	1943090	0	2.390209018973e-46	3.90484673415379e-44	1.62174200735897	1.13557490223138	0.480491344174052
Leptolyngbya_Heron_Island_J	GCF_000482245.1	CCTGG	13536	11865.2125074033	8064168	2091263	2098140	1931671	1943090	0	3.31336460842583e-51	7.9112951881183e-49	1.67853645906186	1.14081395436906	0.480491344174052
Stanieria_cyanosphaera_PCC_7437	GCF_000317575.1	GCAGC	5619	4775.99505554416	5544990	1767264	1769151	1002535	1006040	0	9.06149408687396e-33	6.944908060656e-31	1.01334718367391	1.17650875569422	0.362232393566084
Stanieria_cyanosphaera_PCC_7437	GCF_000317575.1	GCTGC	5748	4796.72683817035	5544990	1767264	1769151	1002535	1006040	0	9.25989470864159e-41	9.74329260190627e-39	1.03661142761303	1.19831714290249	0.362232393566084
Thermosynechococcus_NK55a	GCF_000505665.1	CAATG	5155	4263.09800769419	2520064	578938	585049	678152	677825	100	3.01149062562339e-40	3.11588896731166e-38	2.04558296932141	1.20921451739934	0.538093798165371
Thermosynechococcus_NK55a	GCF_000505665.1	CATTG	5426	4488.56703887554	2520064	578938	585049	678152	677825	100	3.88094866726935e-42	4.38053260480148e-40	2.15311992076392	1.20884904982043	0.538093798165371
Halothece_PCC_7418	GCF_000317635.1	GCAGC	4697	3826.67782803865	4179170	1199645	1185719	896769	897037	0	2.53998328790253e-42	2.92004004653683e-40	1.12390737873788	1.22743544428652	0.429225420358588
Halothece_PCC_7418	GCF_000317635.1	GCTGC	4506	3728.43780813225	4179170	1199645	1185719	896769	897037	0	3.24292789692516e-35	2.64896005054097e-33	1.07820452386479	1.20854905777744	0.429225420358588
Cyanothece_CCY0110	GCF_000169335.1	GCAGC	4118	3201.20122205635	5880532	1866593	1856167	1079560	1078212	0	1.49387452390912e-54	4.03216219322948e-52	0.700276777679298	1.28639211169447	0.366934828345463
Cyanothece_CCY0110	GCF_000169335.1	GCTGC	4099	3180.71722705112	5880532	1866593	1856167	1079560	1078212	0	5.01167391840138e-55	1.4142032584289e-52	0.69704577749088	1.28870305261315	0.366934828345463
Cyanothece_CCY0110	GCF_000169335.1	CAATG	7288	6234.14529157001	5880532	1866593	1856167	1079560	1078212	0	6.21583065214543e-39	5.6746877483116e-37	1.23934365122067	1.1690455802907	0.366934828345463
Cyanothece_PCC_7822	GCF_000147335.1	GCGGC	9753	6679.74062276017	7841948	2358436	2354903	1565567	1563042	0	2.29369372103038e-271	1.42392506201566e-267	1.24369608163686	1.46008663371871	0.398958141522999
Cyanothece_PCC_7822	GCF_000147335.1	GCCGC	9809	6737.88551379218	7841948	2358436	2354903	1565567	1563042	0	5.71345401592201e-269	1.77345612654219e-265	1.25083716443924	1.45579796212348	0.398958141522999
Microcoleus_PCC_7113	GCF_000317515.1	GCGGC	7585	6530.09312044766	7966510	2140709	2144210	1842846	1838745	0	2.11461729695629e-37	1.84894988443728e-35	0.952110773726513	1.16154545733033	0.462133481286034
Prochlorothrix_hollandica_PCC_9006	GCF_000332315.1	AGGCT	6831	5679.08680895358	5646343	1281458	1282986	1533293	1526606	22000	6.1306256090078e-50	1.18934136814751e-47	1.20980960596974	1.2028342284239	0.544045588969236
Prochlorothrix_hollandica_PCC_9006	GCF_000332315.1	AGCCT	6673	5580.18729242118	5646343	1281458	1282986	1533293	1526606	22000	5.26394716678192e-46	8.16964600284554e-44	1.18182689220262	1.19583799795807	0.544045588969236
Prochlorothrix_hollandica_PCC_9006	GCF_000332315.1	CAATG	8071	6233.99653002944	5646343	1281458	1282986	1533293	1526606	22000	5.12956928462817e-110	3.98054576487146e-107	1.42942077730666	1.29467508702028	0.544045588969236
Prochlorothrix_hollandica_PCC_9006	GCF_000332315.1	CATTG	8137	6218.43459747311	5646343	1281458	1282986	1533293	1526606	22000	1.22359378831044e-119	1.51921404756624e-116	1.44110975900685	1.30852867750776	0.544045588969236
Prochlorothrix_hollandica_PCC_9006	GCF_000332315.1	CCAGG	15903	13946.3576030626	5646343	1281458	1282986	1533293	1526606	22000	1.81163136638686e-59	6.61565148384095e-57	2.81651327239596	1.14029773598432	0.544045588969236
Prochlorothrix_hollandica_PCC_9006	GCF_000332315.1	CCTGG	16060	14029.438517702	5646343	1281458	1282986	1533293	1526606	22000	1.95244057508914e-63	8.65767935010954e-61	2.84431888037974	1.14473576257067	0.544045588969236
Crocosphaera_watsonii_WH8501	GCF_000167195.1	GCTGC	3768	3006.84334483124	6238156	1960992	1961957	1155995	1159008	204	6.1205893480994e-41	6.55114115051743e-39	0.604024650874393	1.25314144033383	0.371115872645381
Synechococcus_PCC_7002	GCF_000019485.1	CAATG	5725	4197.12578118067	3409935	865799	866890	838600	838646	0	6.74006322186947e-111	5.97747321162367e-108	1.67891763332732	1.36402869451044	0.491870372895671
Synechococcus_PCC_7002	GCF_000019485.1	CATTG	5687	4158.59542045871	3409935	865799	866890	838600	838646	0	7.09057813732e-112	7.33638484608042e-109	1.66777372589214	1.36752903925737	0.491870372895671
Chamaesiphon_minutus_PCC_6605	GCF_000317145.1	AGGCT	5516	4553.71853359184	6761765	1838722	1834836	1545099	1543008	100	1.3134898585616e-43	1.66411123305111e-41	0.815763339897201	1.2113177306216	0.456708074120797
Chamaesiphon_minutus_PCC_6605	GCF_000317145.1	AGCCT	5453	4523.23643126877	6761765	1838722	1834836	1545099	1543008	100	3.57688175521664e-41	3.96522891721159e-39	0.806446245913604	1.20555272377624	0.456708074120797
Cyanobacterium_aponinum_PCC_10605	GCF_000317675.1	GCCGC	1596	1159.02778017951	4176973	1357200	1360697	731481	727595	0	3.77838041346005e-34	3.00720328291794e-32	0.382094880670763	1.37701617449827	0.349314204329307
Cyanobacterium_aponinum_PCC_10605	GCF_000317675.1	CAATG	4626	3820.97165453366	4176973	1357200	1360697	731481	727595	0	1.0127409987506e-36	8.73207794478299e-35	1.10750057517729	1.210686814311	0.349314204329307
Cyanobacterium_aponinum_PCC_10605	GCF_000317675.1	CATTG	4545	3761.27614673069	4176973	1357200	1360697	731481	727595	0	1.88267231530177e-35	1.5609342890401e-33	1.08810854175979	1.2083664752854	0.349314204329307
Cyanobacterium_aponinum_PCC_10605	GCF_000317675.1	CCGGG	1045	640.750403329413	4176973	1357200	1360697	731481	727595	0	1.17578087005289e-48	2.02756878924675e-46	0.250181171867762	1.63090026095974	0.349314204329307
Cyanobacterium_aponinum_PCC_10605	GCF_000317675.1	CCCGG	995	635.353546107692	4176973	1357200	1360697	731481	727595	0	7.83346725844853e-40	7.71907376832515e-38	0.238210780869304	1.56605720719681	0.349314204329307
Gloeobacter_kilaueensis_JS1	GCF_000484535.1	AAATT	3576	2801.29451256365	4724791	931715	932838	1431757	1428481	0	5.18266794157278e-45	6.99434838723562e-43	0.756858874815838	1.27655267375916	0.605368152792367
Gloeobacter_kilaueensis_JS1	GCF_000484535.1	AATTT	3494	2827.66509733676	4724791	931715	932838	1431757	1428481	0	6.76582708043385e-34	5.25028181441666e-32	0.739503609789301	1.2356484518944	0.605368152792367
Cyanothece_PCC_8802	GCF_000024045.1	GCAGC	3253	2559.85840711247	4803347	1442047	1448704	957717	954873	6	9.68500350332058e-40	9.39445339822096e-38	0.677236102242874	1.2707734111237	0.398179100755079
Cyanothece_PCC_8802	GCF_000024045.1	GCTGC	3376	2535.67424170148	4803347	1442047	1448704	957717	954873	6	4.88447811953327e-57	1.4439447698125e-54	0.70284324659451	1.33140130718631	0.398179100755079
Oscillatoria_acuminata_PCC_6304	GCF_000317105.1	GGGCC	4430	3609.58521326826	7804270	2038820	2049663	1857369	1858418	0	5.72667358219824e-40	5.82806386857158e-38	0.567637972545799	1.22728782900485	0.476122302278112
Oscillatoria_acuminata_PCC_6304	GCF_000317105.1	GGCCC	4417	3605.0965089432	7804270	2038820	2049663	1857369	1858418	0	2.96895575372975e-39	2.79261777562944e-37	0.565972217773091	1.22520991852582	0.476122302278112
Oscillatoria_acuminata_PCC_6304	GCF_000317105.1	CAATG	10434	9035.59292744958	7804270	2038820	2049663	1857369	1858418	0	4.613974489968e-47	7.74150098208685e-45	1.33696040757175	1.15476649775823	0.476122302278112
Dactylococcopsis_salina_PCC_8305	GCF_000317615.1	CACTG	4276	3459.49475785127	3781008	1092085	1084325	803512	801086	0	3.70254697655932e-41	4.03252835622461e-39	1.13091535378925	1.23601863835628	0.42438365642178
Cylindrospermum_stagnale_PCC_7417	GCF_000317535.1	GGGCC	1494	993.948848335953	7610589	2202263	2196338	1606737	1605051	200	1.70499235215147e-49	3.2074522794413e-47	0.196305437069325	1.50309545858544	0.422026784701807
Cylindrospermum_stagnale_PCC_7417	GCF_000317535.1	GGCCC	1446	1001.30264888256	7610589	2202263	2196338	1606737	1605051	200	7.39351193089883e-40	7.40305194629353e-38	0.18999843507513	1.44411882023254	0.422026784701807
Calothrix_PCC_7103	GCF_000331305.1	GGGCC	625	361.202582312921	11584393	3559908	3554391	2229471	2234522	6101	2.03717795351115e-36	1.73243845690373e-34	0.0539518989039823	1.73033092952404	0.385548490226365
Calothrix_PCC_7103	GCF_000331305.1	GGCCC	650	359.118386697074	11584393	3559908	3554391	2229471	2234522	6101	2.39471652095256e-43	2.80498116265537e-41	0.0561099748601416	1.80998808214265	0.385548490226365
Cyanothece_ATCC_51142	GCF_000017845.1	GCAGC	3732	2936.57275271158	5460377	1698570	1690034	1034562	1037211	0	2.53651220312651e-45	3.49925950155763e-43	0.683469291589207	1.27086924597865	0.379419406388973
Cyanothece_ATCC_51142	GCF_000017845.1	GCTGC	3763	2958.98430796278	5460377	1698570	1690034	1034562	1037211	0	6.45334178436414e-46	9.53865376126966e-44	0.689146555265323	1.27172016082464	0.379419406388973
Cyanothece_ATCC_51142	GCF_000017845.1	CAATG	7287	6108.63574598403	5460377	1698570	1690034	1034562	1037211	0	8.77688733592414e-49	1.55676904518334e-46	1.33452323896317	1.19290137814989	0.379419406388973
Cyanothece_ATCC_51142	GCF_000017845.1	CATTG	7080	6040.84998848387	5460377	1698570	1690034	1034562	1037211	0	5.00626032559951e-39	4.6386364330331e-37	1.29661376860975	1.17202049603899	0.379419406388973
Chlorogloeopsis_fritschii_PCC_6912	GCF_000317285.1	GGGCC	1373	828.482040006141	7751745	2274406	2261848	1607973	1607518	0	4.85714024585921e-67	2.74119333148127e-64	0.177121409437488	1.65724775396437	0.414808665661732
Chlorogloeopsis_fritschii_PCC_6912	GCF_000317285.1	GGCCC	1373	821.435398366565	7751745	2274406	2261848	1607973	1607518	0	4.44162708913588e-69	2.75736209693556e-66	0.177121409437488	1.67146436923735	0.414808665661732
Nostoc_punctiforme_ATCC_29133	GCF_000020025.1	GGGCC	1747	1188.37531899941	9059191	2658118	2654688	1873338	1873047	0	5.39108051854351e-52	1.33871311436473e-49	0.192842826693907	1.47007428719653	0.41354520508509
Nostoc_punctiforme_ATCC_29133	GCF_000020025.1	GGCCC	1722	1201.04259691131	9059191	2658118	2654688	1873338	1873047	0	1.96387030124352e-45	2.77084246139086e-43	0.19008319837831	1.43375431015388	0.41354520508509
