"spp"	"ID"	"palindrome"	"obs"	"markov3"	"genomesize"	"A"	"Th"	"C"	"G"	"N"	"pval"	"fdrs"	"frecObs"	"OE"	"GC"
Synechococcus_elongatus_PCC_6301	GCF_022984195.1	GCGATCGC	7516	890.89411090756	2749599	613457	611833	762623	761686	0	0	0	2.73348950156005	8.43646838381656	0.554375019775611
Synechococcus_elongatus_UTEX_2973	GCF_000817325.1	GCGATCGC	7500	887.599453742704	2744626	610686	612439	760195	761306	0	0	0	2.73261274942378	8.44975734085353	0.554356404114805
Synechococcus_sp_JA-2-3Ba_2-13	GCF_000013225.1	GGGATCCC	4099	626.239781761313	3046682	634896	630988	891491	889305	0	0	0	1.34539804285449	6.54541617984005	0.584503787729594
Synechococcus_elongatus_PCC_11802	GCF_009498715.1	GCGATCGC	7502	856.094142931264	2760484	620957	626474	755804	756749	500	0	0	2.7176393704872	8.76305493028275	0.548029626258703
Synechococcus_elongatus_UTEX_3055	GCF_003957805.1	GCGATCGC	7692	889.465127213003	2881223	645838	647167	795825	792393	0	0	0	2.66969963796624	8.64789384616085	0.551230501769561
Synechococcus_elongatus_PCC_7942_FACHB-805	GCF_014698905.1	GCGATCGC	7515	892.547965724096	2743371	609814	612609	760336	760612	0	0	0	2.73933055354161	8.41971556554198	0.554408426712975
Synechococcus_elongatus_PCC_11801	GCF_003846445.1	GCGATCGC	7384	850.92218709762	2691022	603121	609732	736578	740791	800	0	0	2.74393891986019	8.67764422171881	0.549162485475176
Synechococcus_elongatus_PCC_6311	GCA_022984265.1	GCGATCGC	7515	892.361657286255	2743999	612250	610433	760861	760435	20	0	0	2.73870362197654	8.42147344480681	0.554412406217395
Synechococcus_sp_JA-3-3Ab	GCF_000013205.1	GGGATCCC	3401	544.57370881956	2932766	583006	583140	882286	884334	0	0	0	1.15965610621509	6.24525191892231	0.602373322658541
Synechococcus_elongatus_PCC_7943	GCA_022984345.1	GCGATCGC	7512	892.099488757366	2743767	612324	610281	760156	760986	20	0	0	2.73784180653824	8.42058547804316	0.554403157433976
Synechococcus_elongatus_FACHB-1061	GCF_014698895.1	GCGATCGC	7494	888.162596565291	2734236	612818	605876	760894	754648	0	0	0	2.74080218386416	8.43764422075514	0.554283536607667
Synechococcus_elongatus_FACHB-242	GCF_014698415.1	GCGATCGC	7496	888.099874804087	2735070	611026	608025	759102	756917	0	0	0	2.74069767867002	8.44049212556595	0.554288921307316
