"spp"	"ID"	"palindrome"	"obs"	"markov2"	"genomesize"	"A"	"Th"	"C"	"G"	"N"	"pval"	"fdrs"	"frecObs"	"OE"	"GC"
Anabaena_cylindrica_PCC_7122_PCC_7122	GCF_000317695.1	ATAT	45685	40637.1503202517	7063285	2165259	2158136	1369757	1370133	0	3.9021565512153e-134	1.84559140620117e-132	6.46795365046151	1.12421760974791	0.387905910635066
Anabaena_cylindrica_PCC_7122_NIES-19	GCF_002367955.1	ATAT	45307	40340.8126696128	7025636	2140686	2153776	1359800	1361688	9686	6.96720234251895e-131	3.1900892427874e-129	6.44881118236128	1.12310578299599	0.387900141819711
Anabaena_sp_YBS01_YBS01	GCF_009498015.1	ATAT	39695	34290.6132320603	7013200	2054623	2052785	1455723	1450069	0	2.07135746039005e-179	1.46149549336373e-177	5.66004106541949	1.15760542779932	0.414331831403639
Anabaenopsis_circularis_NIES-21_NIES-21	GCF_002367975.1	ATAT	40018	34182.997274203	7069985	2092984	2104880	1423686	1428037	20398	1.41737407129807e-208	1.84859939480815e-206	5.66026660594046	1.17069897876394	0.404523413924816
Anabaenopsis_elenkinii_CCIBt3563_CCIBt3563	GCF_015245355.1	ATAT	26504	22613.1425656207	4495168	1293018	1292077	934853	935688	39532	6.30317798258523e-141	3.11826184333872e-139	5.89610888847758	1.1720617743902	0.41981458988122
Calothrix_brevissima_NIES-22_NIES-22	GCF_002367995.1	ATAT	56221	46662.196875451	9257480	2744334	2761229	1874422	1875617	1878	0	0	6.07303499440452	1.20485111642007	0.405164245394303
Calothrix_parasitica_NIES-267_NIES-267	GCF_002368095.1	ATAT	71103	63762.3678695365	9491741	2994698	2991204	1743232	1750637	11970	1.18014879073355e-180	8.75751792296067e-179	7.49103878835295	1.11512483578846	0.368560485269106
Calothrix_sp_336-3_336-3	GCF_000734895.2	ATAT	40571	35702.1903585589	6420126	1888622	1893029	1320097	1318378	0	2.34498223347045e-141	1.17358180614614e-139	6.31934638042929	1.13637285534986	0.410969348576648
Calothrix_sp_NIES-2098_NIES-2098	GCF_002368175.1	ATAT	49155	41791.2705522421	8878628	2607797	2614225	1829739	1826867	0	1.67408417809635e-270	3.43107538215556e-268	5.53632836064311	1.17620257413693	0.411843586644243
Calothrix_sp_NIES-2100_NIES-2100	GCF_002368195.1	ATAT	55069	46392.4907951149	9963103	2917620	2911681	2062817	2063640	7345	0	0	5.52729405688168	1.18702400013837	0.414479439938174
Calothrix_sp_NIES-3974_NIES-3974	GCF_002368395.1	ATAT	36562	31815.662588911	5985875	1752542	1747626	1241704	1244003	0	5.61317380332778e-150	2.98260494438553e-148	6.10804602501723	1.14918241598223	0.415262096184768
Calothrix_sp_NIES-4071_NIES-4071	GCF_002368455.1	ATAT	89158	78850.570009008	12049274	3668719	3681220	2347242	2352093	0	3.35329756479282e-285	8.48976042286371e-283	7.39944995856182	1.13072105870401	0.390009804740103
Calothrix_sp_NIES-4105_NIES-4105	GCF_002368415.1	ATAT	89085	78778.6321143558	12037678	3660884	3680233	2342629	2350324	3608	2.16093512457147e-285	5.81291548509727e-283	7.4005136206501	1.13082694645781	0.389972220537191
Calothrix_sp_PCC_6303_PCC_6303	GCF_000317435.1	ATAT	45019	37856.3350643977	6960392	2095340	2095034	1387516	1382502	0	1.44510487868802e-281	3.4554063321518e-279	6.46788284338009	1.18920650727065	0.397968677626203
Calothrix_sp_PCC_7507_PCC_7507	GCF_000316575.1	ATAT	36692	31763.8275390989	7023215	2028932	2027174	1485649	1481460	0	2.39243289537366e-161	1.47100445452689e-159	5.22438797616191	1.15515046021563	0.422471617343339
Calothrix_sp_PCC_7716_PCC_7716	GCF_019977735.1	ATAT	93392	83225.5676820193	12367066	3817922	3794023	2374478	2380643	0	8.58585663807238e-264	1.60667508566363e-261	7.55166989486431	1.12215515737692	0.384498716187008
Chamaesiphon_minutus_PCC_6605_PCC_6605	GCF_000317145.1	ATAT	31968	27075.541554223	6761765	1838722	1834836	1545099	1543008	100	1.09809853159735e-184	9.08887707691347e-183	4.72775968996261	1.18069660530997	0.456708074120797
Chroococcidiopsis_sp_CCNUC1_CCNUC1	GCF_023546805.1	AATT	69418	61736.0541662345	6955760	1923908	1934636	1549525	1547691	0	6.58244925093568e-204	7.86968377111866e-202	9.97993030236811	1.12443208328606	0.445273557454541
Chroococcidiopsis_thermalis_PCC_7203_PCC_7203	GCF_000317125.1	AATT	67238	59732.4882983737	6689401	1857038	1857273	1490738	1484352	0	3.79682428233539e-201	4.41663019220851e-199	10.0514231393812	1.12565208507864	0.444746846541267
Crinalium_epipsammum_PCC_9333_PCC_9333	GCF_000317495.1	ATAT	30695	26012.812013374	5620407	1682950	1680154	1135868	1121435	0	2.52926320521805e-176	1.72792838654897e-174	5.46134826178958	1.17999545701629	0.401626252333683
Cyanobium_gracile_PCC_6307_PCC_6307	GCF_000316515.1	TCGA	19274	13643.3599519621	3342364	527179	518741	1150343	1146101	0	0	0	5.76657718907935	1.41270186140827	0.687071785119754
Cyanobium_sp_M30B3	GCF_018399015.1	TCGA	14730	10807.7580959553	3180296	514717	510459	1081483	1073637	0	5.53927710821449e-281	1.2547920354608e-278	4.63164435008565	1.3629098532019	0.677647615190536
Cyanobium_sp_NIES-981_NIES-981	GCF_900088535.1	TCGA	14822	10351.300300906	3021545	482925	465347	1040867	1032406	0	0	0	4.90543745004625	1.43189740120888	0.686163204585733
Cyanobium_sp_NS01_NS01	GCF_014280235.1	TCGA	13502	9898.2628695714	2748087	439261	442008	938354	928464	0	3.66028727753123e-259	6.56411518437268e-257	4.91323600744809	1.36407773544861	0.679315465631183
Cylindrospermum_stagnale_PCC_7417_PCC_7417	GCF_000317535.1	ATAT	40002	33922.7834835474	7610589	2202263	2196338	1606737	1605051	200	2.98845881905413e-227	4.43528508869275e-225	5.25609778691242	1.17920747922708	0.422026784701807
Dolichospermum_heterosporum_TAC447_NIES-1697	GCF_024584745.1	ATAT	39399	34715.2894983912	5833376	1794712	1791420	1121914	1125330	0	9.36414021489251e-135	4.52845612189858e-133	6.75406488455399	1.13491780046443	0.385239010823235
Gloeobacter_kilaueensis_JS1_JS1	GCF_000484535.1	TCGA	38149	30978.779762169	4724791	931715	932838	1431757	1428481	0	0	0	8.07421957923641	1.23145586407465	0.605368152792367
Gloeobacter_morelensis_MG652769	GCF_021018745.1	TCGA	39874	30134.5677447907	5102396	978934	972776	1575267	1575419	0	0	0	7.81475996767009	1.32319800760683	0.617491468713914
Gloeobacter_violaceus_PCC_7421_PCC_7421	GCF_000011385.1	TCGA	36930	28038.5862647752	4659019	887941	882586	1444547	1443945	0	0	0	7.92656136409832	1.31711348251517	0.619978583474332
Microcoleus_vaginatus_HSN003_HSN003	GCF_022701255.1	ATAT	26296	21979.7845280821	6756317	1828722	1834043	1548132	1545420	0	3.24497415342119e-176	2.14867211635766e-174	3.89206131091836	1.19637205571344	0.457875496368806
Microcoleus_vaginatus_PCC_9802_PCC_9802	GCF_022701275.1	ATAT	25808	21346.3346565651	6698371	1808279	1806646	1540014	1543432	0	6.38557012947621e-193	6.10744307494792e-191	3.85287706518495	1.20901318260101	0.460327742371989
Nodularia_sphaerocarpa_UHCC_0038_UHCC_0038	GCF_022376295.1	ATAT	31725	26865.3658182296	5451672	1606096	1595895	1124055	1125620	6	8.01454928353915e-184	6.27174911206409e-182	5.81931561546623	1.18088844256395	0.412658258961572
Nodularia_spumigena_CCY9414_CCY9414	GCF_000340565.2	ATAT	31652	27097.9445903595	5462271	1605019	1602714	1127562	1122441	4507	5.85473854683575e-161	3.49983259799737e-159	5.79465940082431	1.16805907158215	0.412259405731607
Nodularia_spumigena_UHCC_0039_UHCC_0039	GCF_003054475.1	ATAT	31145	26730.6980964731	5386612	1581690	1583862	1110457	1110603	0	1.495079889937e-153	8.14534664087197e-152	5.78192748985819	1.16513979124658	0.412329679583382
Nostoc_cf_commune_SO-36_SO-36	GCF_023734775.1	ATAT	39106	34106.1351899429	7408262	2170515	2174046	1533685	1530016	0	3.56358282141889e-155	1.96636672607525e-153	5.27870099626606	1.14659722604781	0.413551923514584
Nostoc_edaphicum_CCNP1411_CCNP1411	GCF_014023275.1	ATAT	43680	37788.0944871475	8316316	2428205	2429312	1727952	1730847	0	2.40752491403539e-193	2.35499709772916e-191	5.25232566920257	1.15591962476056	0.415905191673813
Nostoc_flagelliforme_CCNUN1_CCNUN1	GCF_002813575.1	ATAT	51349	45516.1023509065	10231233	2972783	2974654	2139123	2144673	0	4.67133864078418e-159	2.68072553465801e-157	5.01884767945369	1.12815020065041	0.418697922332528
Nostoc_linckia_NIES-25_NIES-25	GCF_002368035.1	ATAT	45311	39445.60809987	8590040	2520048	2524735	1770009	1770407	4841	4.41021739185946e-184	3.51510660269688e-182	5.27482991930189	1.14869568965143	0.412386014581607
Nostoc_piscinale_CENA21_CENA21	GCF_001298445.1	ATAT	40142	34048.0145497832	7094556	2107623	2110272	1437468	1438706	482	1.30533224437353e-227	2.00648213563703e-225	5.65814125647891	1.17898210896575	0.405433609399627
Nostoc_punctiforme_PCC_73102_ATCC_29133_PCC_73102	GCF_000020025.1	ATAT	48115	42187.9162214316	9059191	2658118	2654688	1873338	1873047	0	2.62934298936742e-176	1.76823316034959e-174	5.31118065619767	1.14049245161716	0.41354520508509
Nostoc_sp_Lobaria_pulmonaria_5183_cyanobiont_5183	GCF_002949795.1	ATAT	38230	33413.9026010466	7339908	2146883	2138779	1528860	1525385	1	3.49630862103143e-147	1.81302557890594e-145	5.20851215028853	1.14413453754434	0.416114945325602
Nostoc_sp_Peltigera_membranacea_cyanobiont_N6_N6	GCF_002949735.1	ATAT	47890	41783.0896741927	8898590	2606437	2609313	1839855	1842985	0	1.68995494832743e-188	1.48440124440842e-186	5.38175149096655	1.14615746162925	0.41386781501339
Nostoc_sp_ATCC_53789_ATCC_53789	GCF_009873495.1	ATAT	45854	40013.1935922957	8653730	2530171	2539914	1794144	1789501	0	3.70187775699975e-180	2.70048845188592e-178	5.29875556551915	1.14597201281202	0.414115647241132
Nostoc_sp_C052_C052	GCF_013393905.1	ATAT	52216	45274.7377684457	9879831	2895458	2884259	2047979	2052135	0	8.83292980517777e-224	1.2263525768221e-221	5.2851106461234	1.15331424484566	0.414998394203302
Nostoc_sp_C057_C057	GCF_013393925.1	ATAT	48562	42577.4202179519	9234448	2697407	2709551	1914903	1912587	0	4.60122519432349e-178	3.19414084457553e-176	5.25878753120923	1.14055759488041	0.414479566076933
Nostoc_sp_CENA543_CENA543	GCF_002896875.1	ATAT	40385	33973.3162395405	7207640	2131734	2132207	1471824	1471875	0	1.65016701213674e-251	2.84092752809461e-249	5.60308228490879	1.18872705023118	0.408413711006654
Nostoc_sp_MS1_MS1	GCF_019976755.1	ATAT	46245	40266.5365661472	7901148	2348344	2350022	1604127	1598655	0	2.0354320933356e-187	1.75209994594329e-185	5.8529469388499	1.14847225372939	0.40535653806257
Nostoc_sp_NIES-2111_NIES-2111	GCF_002368215.1	ATAT	45456	39409.5722436782	7876755	2340575	2338727	1597246	1597694	2513	1.85921220758715e-195	1.86094170731513e-193	5.77090438892666	1.15342535866503	0.405745721302444
Nostoc_sp_NIES-3756_NIES-3756	GCF_001548375.1	ATAT	40356	34980.6555055401	6987571	2076063	2076101	1418054	1417353	0	2.78262228112843e-174	1.78752332805623e-172	5.77539748791104	1.15366620255611	0.405778631802095
Nostoc_sp_NIES-4103_NIES-4103	GCF_002368335.1	ATAT	45755	39984.6398871396	8590607	2517725	2519720	1762184	1760508	30470	4.11979840416701e-176	2.68660792902043e-174	5.32616612539719	1.14431441996596	0.411522852963685
Nostoc_sp_PCC_7107_PCC_7107	GCF_000316625.1	ATAT	36429	31098.2729660574	6329823	1884265	1890982	1275594	1278982	0	1.60936758434933e-191	1.47376980490202e-189	5.75513722895569	1.17141553293847	0.403577793565476
Nostoc_sp_PCC_7120_FACHB-418_PCC_7120	GCF_000009705.1	ATAT	41034	35244.9171743772	7211789	2118832	2116772	1487984	1488201	0	1.28402352270687e-199	1.41703519018727e-197	5.68985032701317	1.16425298425248	0.412683316164685
Nostoc_sp_PCC_7524_PCC_7524	GCF_000316645.1	ATAT	36411	30954.8563963111	6718869	1965913	1962539	1395516	1394901	0	4.31768443055719e-201	4.89034573397845e-199	5.41921564477593	1.17626131208088	0.415310523244314
Nostoc_sp_TCL240-02	GCF_013343235.1	ATAT	42161	36880.6921743459	7887247	2316981	2313899	1625830	1630537	0	3.74223971634561e-160	2.20638352591117e-158	5.34546464691673	1.14317268777637	0.412864843715431
Nostoc_sp_TCL26-01_TCL26-01	GCF_013393945.1	ATAT	40106	34405.6011138085	7387676	2177561	2177055	1515408	1517652	0	3.73054123148784e-198	3.8229165381723e-196	5.42877083402142	1.16568229304686	0.410556716347604
Nostoc_sp_UHCC_0702_UHCC_0702	GCF_017164015.1	ATAT	45498	39603.1059098229	8587404	2506095	2506759	1787666	1786884	0	3.51893481565011e-185	2.96970498952119e-183	5.29822516793201	1.148849287316	0.416255017232216
Nostoc_sp_UHCC_0870_UHCC_0870	GCF_022063185.1	ATAT	40907	34260.1234365796	7172241	2112980	2120238	1465535	1473488	0	1.75862771239653e-267	3.44051530643395e-265	5.70351721309978	1.19401204364382	0.409777501899337
Nostoc_sphaeroides_Kutzing_En	GCF_003443655.1	ATAT	34635	30135.6614683523	6684490	1955963	1947309	1389673	1391545	0	2.78957639436316e-142	1.42932580968322e-140	5.18139753369367	1.14930279650151	0.416070335956819
Nostoc_sphaeroides_CCNUC1	GCF_009372195.1	ATAT	49900	43757.7596678346	9516388	2789938	2792309	1969009	1965132	0	1.85150296278681e-182	1.42301227711329e-180	5.24358611691747	1.14036916832103	0.413406956504926
Oscillatoria_nigro-viridis_PCC_7112_PCC_7112	GCF_000317475.1	ATAT	32020	26953.762858424	8272254	2250195	2234651	1890595	1896813	0	3.57291470886987e-198	3.75068900170144e-196	3.87077089267327	1.18796029215611	0.457844742194812
Oxynema_aestuarii_AP17_AP17	GCF_012295525.1	GATC	63898	53294.4581020655	6357750	1537227	1549300	1634511	1636712	0	0	0	10.0504109158114	1.198961435683	0.514525264441037
Pseudanabaena_sp_ABRG5-3_ABRG5-3	GCF_003967015.1	ATAT	32291	26985.2438696546	5657972	1633547	1637249	1195328	1191848	0	1.13363286112777e-216	1.52473619821685e-214	5.70716857559564	1.19661694205817	0.421913717494537
Pseudanabaena_sp_PCC_7367_PCC_7367	GCF_000317065.1	GATC	53544	38956.3944065816	4885680	1314560	1312767	1130783	1127570	0	0	0	10.9593751535098	1.37445984967628	0.462239237936173
Richelia_sinica_FACHB-800_FACHB_800	GCF_019056575.1	ATAT	35698	31139.2143324648	5729487	1727184	1725871	1136223	1140209	0	1.24485327296626e-141	6.30335116099619e-140	6.23057526790793	1.14640015059026	0.397318643012891
Rivularia_sp_PCC_7116_PCC_7116	GCF_000316665.1	ATAT	64217	57043.5793823737	8728773	2727467	2725256	1639774	1636276	0	5.06488875427528e-192	4.73897417356539e-190	7.35693321386637	1.12575333973245	0.375316209964447
Synechococcus_sp_A10-1-5-1_A10-1-5-1	GCF_023115425.1	TCGA	12911	10322.9644316805	2404104	459120	457102	742747	745135	0	1.69743897227851e-133	7.85567455557709e-132	5.37039994941983	1.25070662457937	0.618892527111972
Synechococcus_sp_CB0101_CB0101	GCF_000179235.2	TCGA	13891	10607.9624042936	2789647	508762	493841	899563	887458	21	2.88473381843603e-204	3.5473983870139e-202	4.97948306721245	1.30948804969158	0.640595650166474
Synechococcus_sp_CBW1002_CBW1002	GCF_015840915.1	TCGA	20010	16197.4596932657	3854122	681942	680987	1244917	1246276	0	1.54902784422227e-184	1.25792751727031e-182	5.1918439530456	1.23537890378696	0.646371080105923
Synechococcus_sp_CBW1004_CBW1004	GCF_015840715.1	TCGA	21189	16477.7306497332	3672318	595492	614278	1224725	1237823	0	5.4147146132741e-272	1.16524658477659e-269	5.76992515354062	1.28591736631786	0.670570468025917
Synechococcus_sp_CBW1006_CBW1006	GCF_015840525.1	TCGA	20362	16373.8500048632	3860130	683558	684133	1244386	1248053	0	4.19921602046142e-199	4.51835643801648e-197	5.27495187985897	1.24356825022535	0.645687839528721
Synechococcus_sp_CBW1107_CBW1107	GCF_015841355.1	TCGA	18976	13725.0233203872	3202093	537927	542299	1061651	1060216	0	0	0	5.92612394455751	1.38258417177427	0.662650022969352
Synechococcus_sp_CBW1108_CBW1108	GCF_015840335.1	TCGA	15113	11499.3048877319	3226220	589878	581456	1027471	1027415	0	1.14816124661279e-227	1.83025407608202e-225	4.68442945614372	1.31425335248945	0.636933005188735
Synechococcus_sp_LA31_LA31	GCF_018502385.1	TCGA	13248	10401.4168792668	2752151	504434	507156	868952	871509	100	1.0325502916657e-158	5.84749533595943e-157	4.81368936515475	1.27367263073623	0.63242323634264
Synechococcus_sp_LTW-R_LTW-R	GCF_014217875.1	TCGA	13356	10575.3413513928	2415533	452903	451408	751571	759651	0	1.22011443687398e-149	6.40411284915317e-148	5.52921446322613	1.26293795691436	0.625626725033357
Synechococcus_sp_NB0720_010_NB0720_010	GCF_023078835.1	TCGA	12889	10073.8957648934	2410448	444796	444367	760438	760847	0	4.66402702895412e-160	2.71269896386737e-158	5.34713878913795	1.27944544005677	0.631121268743404
Synechococcus_sp_PCC_7502_PCC_7502	GCF_000317085.1	ATAT	21371	17931.3876002795	3583735	1063040	1064941	729573	726181	0	4.05167311784044e-138	1.98163648854378e-136	5.96333155213764	1.19182076013275	0.406211396769013
Synechococcus_sp_RSCCF101_RSCCF101	GCF_008807075.1	TCGA	17177	13163.747682492	2984853	477139	478569	1013477	1015668	0	5.78412113468882e-246	9.57494513988487e-244	5.75472225935415	1.30487156198274	0.679814047793978
Synechococcus_sp_SynAce01_SynAce01	GCF_001885215.1	TCGA	15322	12222.4709156158	2750634	499845	492702	881077	877010	0	3.9284550354272e-161	2.38141837640545e-159	5.57035214426929	1.25359267416413	0.639157008893222
Tolypothrix_sp_PCC_7910_PCC_7910	GCF_011769525.1	ATAT	51692	43238.0355194318	8761534	2602021	2603489	1777600	1778424	0	0	0	5.89988008949118	1.19552147499321	0.405867739599025
Tolypothrix_tenuis_PCC_7101_NIES-37	GCF_002368295.1	ATAT	54988	45750.3064208191	9352233	2772345	2771333	1902312	1905441	802	0	0	5.87966531629398	1.20191544717124	0.407183991412651
Trichormus_variabilis_0441_0441	GCF_009856605.1	ATAT	40006	34550.7574219319	7096012	2082473	2075635	1464722	1473182	0	2.21720022449261e-181	1.67418066073969e-179	5.63781459219629	1.15789067983225	0.414021847764632
Trichormus_variabilis_ATCC_29413_ATCC_29413	GCF_000204075.1	ATAT	39992	34556.397806766	7105752	2089422	2073856	1470375	1472099	0	4.27512299161313e-180	3.06668822598382e-178	5.62811648928924	1.15729655109392	0.414097480463714
Trichormus_variabilis_NIES-23_NIES-23	GCF_002368015.1	ATAT	42319	36327.4700198656	7472825	2179077	2191466	1532723	1540555	29004	2.60130529624541e-207	3.29294646912949e-205	5.66305246008036	1.16493111072304	0.412862963792386
Phormidium_sp_ETS-05_ETS-05	GCF_016446395.1	ATAT	28392	24525.5791003162	6286783	1585611	1588215	1556273	1556683	1	6.5380887380548e-129	2.9620983082724e-127	4.51614124425799	1.15764850582606	0.49515889051028
