"spp"	"ID"	"palindrome"	"obs"	"markov2"	"genomesize"	"A"	"Th"	"C"	"G"	"N"	"pval"	"fdrs"	"frecObs"	"OE"	"GC"
Nostoc_azollae_0708_0708	GCF_000196515.1	ATAT	36972	34079.9596710141	5486145	1691228	1689682	1051384	1053851	0	1.74516704857013e-54	3.77447184776172e-53	6.73915837076855	1.08486043871248	0.383736667550712
Allocoleopsis_franciscana_PCC_7113_PCC_7113	GCF_000317515.1	ATAT	26641	24369.3476593418	7966510	2140709	2144210	1842846	1838745	0	4.97347277723952e-47	9.55617269341022e-46	3.3441243405205	1.09321760977822	0.462133481286034
Anabaena_cylindrica_PCC_7122_PCC_7122	GCF_000317695.1	ATAT	45685	40637.1503202517	7063285	2165259	2158136	1369757	1370133	0	3.9021565512153e-134	1.84559140620117e-132	6.46795365046151	1.12421760974791	0.387905910635066
Anabaena_cylindrica_PCC_7122_NIES-19	GCF_002367955.1	ATAT	45307	40340.8126696128	7025636	2140686	2153776	1359800	1361688	9686	6.96720234251895e-131	3.1900892427874e-129	6.44881118236128	1.12310578299599	0.387900141819711
Anabaena_sp_90_90	GCF_000312705.1	ATAT	36011	32412.0292662552	5305675	1645866	1638530	1009149	1012130	0	1.1344315664742e-86	4.06882788508746e-85	6.78726081035872	1.11103811810672	0.38096547564636
Anabaena_sp_WA102_WA102	GCF_001277295.1	ATAT	39149	35102.3948394858	5782034	1778374	1784685	1107963	1111012	0	1.13287071887041e-100	4.64369102287454e-99	6.77080072514274	1.11528003086451	0.383770659252436
Anabaena_sp_YBS01_YBS01	GCF_009498015.1	ATAT	39695	34290.6132320603	7013200	2054623	2052785	1455723	1450069	0	2.07135746039005e-179	1.46149549336373e-177	5.66004106541949	1.15760542779932	0.414331831403639
Anabaenopsis_circularis_NIES-21_NIES-21	GCF_002367975.1	AATT	85580	81244.8448378292	7069985	2092984	2104880	1423686	1428037	20398	3.03117665853423e-52	6.3951884011428e-51	12.1046932914285	1.0533591413809	0.404523413924816
Anabaenopsis_circularis_NIES-21_NIES-21	GCF_002367975.1	ATAT	40018	34182.997274203	7069985	2092984	2104880	1423686	1428037	20398	1.41737407129807e-208	1.84859939480815e-206	5.66026660594046	1.17069897876394	0.404523413924816
Anabaenopsis_elenkinii_CCIBt3563_CCIBt3563	GCF_015245355.1	ATAT	26504	22613.1425656207	4495168	1293018	1292077	934853	935688	39532	6.30317798258523e-141	3.11826184333872e-139	5.89610888847758	1.1720617743902	0.41981458988122
Calothrix_brevissima_NIES-22_NIES-22	GCF_002367995.1	AATT	117381	112242.360133686	9257480	2744334	2761229	1874422	1875617	1878	2.95520775979944e-53	6.29664069216672e-52	12.6795845089592	1.04578164482816	0.405164245394303
Calothrix_brevissima_NIES-22_NIES-22	GCF_002367995.1	ATAT	56221	46662.196875451	9257480	2744334	2761229	1874422	1875617	1878	0	0	6.07303499440452	1.20485111642007	0.405164245394303
Calothrix_parasitica_NIES-267_NIES-267	GCF_002368095.1	ATAT	71103	63762.3678695365	9491741	2994698	2991204	1743232	1750637	11970	1.18014879073355e-180	8.75751792296067e-179	7.49103878835295	1.11512483578846	0.368560485269106
Calothrix_sp_336-3_336-3	GCF_000734895.2	AATT	78201	73829.1930905403	6420126	1888622	1893029	1320097	1318378	0	4.09369473012084e-58	9.27329585181057e-57	12.1806020629502	1.05921515225147	0.410969348576648
Calothrix_sp_336-3_336-3	GCF_000734895.2	ATAT	40571	35702.1903585589	6420126	1888622	1893029	1320097	1318378	0	2.34498223347045e-141	1.17358180614614e-139	6.31934638042929	1.13637285534986	0.410969348576648
Calothrix_sp_NIES-2098_NIES-2098	GCF_002368175.1	AATT	103777	97920.8016978375	8878628	2607797	2614225	1829739	1826867	0	8.12547867441357e-78	2.41186622170179e-76	11.6884050103237	1.05980545706962	0.411843586644243
Calothrix_sp_NIES-2098_NIES-2098	GCF_002368175.1	ATAT	49155	41791.2705522421	8878628	2607797	2614225	1829739	1826867	0	1.67408417809635e-270	3.43107538215556e-268	5.53632836064311	1.17620257413693	0.411843586644243
Calothrix_sp_NIES-2100_NIES-2100	GCF_002368195.1	AATT	114784	109434.207366316	9963103	2917620	2911681	2062817	2063640	7345	7.59971906965471e-59	1.73985057849968e-57	11.5209086968187	1.04888592664427	0.414479439938174
Calothrix_sp_NIES-2100_NIES-2100	GCF_002368195.1	ATAT	55069	46392.4907951149	9963103	2917620	2911681	2062817	2063640	7345	0	0	5.52729405688168	1.18702400013837	0.414479439938174
Calothrix_sp_NIES-3974_NIES-3974	GCF_002368395.1	ATAT	36562	31815.662588911	5985875	1752542	1747626	1241704	1244003	0	5.61317380332778e-150	2.98260494438553e-148	6.10804602501723	1.14918241598223	0.415262096184768
Calothrix_sp_NIES-4071_NIES-4071	GCF_002368455.1	ATAT	89158	78850.570009008	12049274	3668719	3681220	2347242	2352093	0	3.35329756479282e-285	8.48976042286371e-283	7.39944995856182	1.13072105870401	0.390009804740103
Calothrix_sp_NIES-4071_NIES-4071	GCF_002368455.1	GCGC	50477	39793.7300012064	12049274	3668719	3681220	2347242	2352093	0	0	0	4.18921505146285	1.26846616284701	0.390009804740103
Calothrix_sp_NIES-4071_NIES-4071	GCF_002368455.1	CGCG	33675	29357.1328945927	12049274	3668719	3681220	2347242	2352093	0	1.9515241854368e-134	9.3326223268e-133	2.79477419137452	1.14708068124059	0.390009804740103
Calothrix_sp_NIES-4105_NIES-4105	GCF_002368415.1	ATAT	89085	78778.6321143558	12037678	3660884	3680233	2342629	2350324	3608	2.16093512457147e-285	5.81291548509727e-283	7.4005136206501	1.13082694645781	0.389972220537191
Calothrix_sp_NIES-4105_NIES-4105	GCF_002368415.1	GCGC	50442	39751.4216235159	12037678	3660884	3680233	2342629	2350324	3608	0	0	4.19034302130361	1.26893574971316	0.389972220537191
Calothrix_sp_NIES-4105_NIES-4105	GCF_002368415.1	CGCG	33634	29325.634143727	12037678	3660884	3680233	2342629	2350324	3608	5.28928215814806e-134	2.47446417485535e-132	2.79406044919959	1.14691466977858	0.389972220537191
Calothrix_sp_PCC_6303_PCC_6303	GCF_000317435.1	ATAT	45019	37856.3350643977	6960392	2095340	2095034	1387516	1382502	0	1.44510487868802e-281	3.4554063321518e-279	6.46788284338009	1.18920650727065	0.397968677626203
Calothrix_sp_PCC_7507_PCC_7507	GCF_000316575.1	ATAT	36692	31763.8275390989	7023215	2028932	2027174	1485649	1481460	0	2.39243289537366e-161	1.47100445452689e-159	5.22438797616191	1.15515046021563	0.422471617343339
Calothrix_sp_PCC_7716_PCC_7716	GCF_019977735.1	ATAT	93392	83225.5676820193	12367066	3817922	3794023	2374478	2380643	0	8.58585663807238e-264	1.60667508566363e-261	7.55166989486431	1.12215515737692	0.384498716187008
Calothrix_sp_PCC_7716_PCC_7716	GCF_019977735.1	GCGC	46485	35794.5566755089	12367066	3817922	3794023	2374478	2380643	0	0	0	3.75877350375586	1.29866114620175	0.384498716187008
Chamaesiphon_minutus_PCC_6605_PCC_6605	GCF_000317145.1	AATT	61657	57093.5923334566	6761765	1838722	1834836	1545099	1543008	100	3.05598889006869e-80	9.96437589610277e-79	9.11847720232809	1.0799285432924	0.456708074120797
Chamaesiphon_minutus_PCC_6605_PCC_6605	GCF_000317145.1	ATAT	31968	27075.541554223	6761765	1838722	1834836	1545099	1543008	100	1.09809853159735e-184	9.08887707691347e-183	4.72775968996261	1.18069660530997	0.456708074120797
Chamaesiphon_minutus_PCC_6605_PCC_6605	GCF_000317145.1	GATC	60818	55605.0753928519	6761765	1838722	1834836	1545099	1543008	100	2.7598617973452e-106	1.16455344860527e-104	8.99439717292748	1.09374907902415	0.456708074120797
Chondrocystis_sp_NIES-4102_NIES-4102	GCF_002368355.1	AATT	72673	68842.2223524721	5002520	1579848	1590642	915636	916394	0	2.20990061032929e-48	4.38313927504942e-47	14.5272782517611	1.0556457580337	0.366221424402101
Chondrocystis_sp_NIES-4102_NIES-4102	GCF_002368355.1	ATAT	38066	34287.3658590704	5002520	1579848	1590642	915636	916394	0	2.58225208755989e-90	9.58104567660152e-89	7.60936488010043	1.11020485377794	0.366221424402101
Chroococcidiopsis_sp_CCMEE_29_CCMEE_29	GCF_023558375.1	ATAT	20398	17727.7070650828	6389872	1714554	1719084	1480112	1476022	100	6.69072975358135e-86	2.37990916193505e-84	3.19223921856338	1.15062821859104	0.462635286517265
Chroococcidiopsis_sp_CCNUC1_CCNUC1	GCF_023546805.1	AATT	69418	61736.0541662345	6955760	1923908	1934636	1549525	1547691	0	6.58244925093568e-204	7.86968377111866e-202	9.97993030236811	1.12443208328606	0.445273557454541
Chroococcidiopsis_sp_CCNUC1_CCNUC1	GCF_023546805.1	ATAT	28398	24056.3232645715	6955760	1923908	1934636	1549525	1547691	0	7.0299369549782e-164	4.44953656679797e-162	4.08265955122086	1.18047964718792	0.445273557454541
Chroococcidiopsis_sp_CCNUC1_CCNUC1	GCF_023546805.1	GATC	38366	35490.6808426636	6955760	1923908	1934636	1549525	1547691	0	7.96644141558483e-52	1.66444484721734e-50	5.51571647095357	1.08101617351561	0.445273557454541
Chroococcidiopsis_thermalis_PCC_7203_PCC_7203	GCF_000317125.1	AATT	67238	59732.4882983737	6689401	1857038	1857273	1490738	1484352	0	3.79682428233539e-201	4.41663019220851e-199	10.0514231393812	1.12565208507864	0.444746846541267
Chroococcidiopsis_thermalis_PCC_7203_PCC_7203	GCF_000317125.1	ATAT	27399	23154.7670823124	6689401	1857038	1857273	1490738	1484352	0	1.38114098745565e-162	8.61511711595522e-161	4.09588242654312	1.18329845005998	0.444746846541267
Chroococcidiopsis_thermalis_PCC_7203_PCC_7203	GCF_000317125.1	GATC	36885	34043.7952267886	6689401	1857038	1857273	1490738	1484352	0	1.12262111901992e-52	2.38017797845405e-51	5.51394661495103	1.08345734528962	0.444746846541267
Crinalium_epipsammum_PCC_9333_PCC_9333	GCF_000317495.1	AATT	68356	63698.5002549627	5620407	1682950	1680154	1135868	1121435	0	1.9458664342161e-75	5.47386217834387e-74	12.1621085448082	1.07311788702081	0.401626252333683
Crinalium_epipsammum_PCC_9333_PCC_9333	GCF_000317495.1	ATAT	30695	26012.812013374	5620407	1682950	1680154	1135868	1121435	0	2.52926320521805e-176	1.72792838654897e-174	5.46134826178958	1.17999545701629	0.401626252333683
Cyanobium_gracile_PCC_6307_PCC_6307	GCF_000316515.1	AATT	1613	1032.35556190718	3342364	527179	518741	1150343	1146101	0	9.56403461444261e-63	2.3256274000317e-61	0.482592560235809	1.56244617602498	0.687071785119754
Cyanobium_gracile_PCC_6307_PCC_6307	GCF_000316515.1	AGCT	16822	15157.6301375928	3342364	527179	518741	1150343	1146101	0	1.00361612242138e-40	1.7006156657093e-39	5.03296469205628	1.10980409518499	0.687071785119754
Cyanobium_gracile_PCC_6307_PCC_6307	GCF_000316515.1	TCGA	19274	13643.3599519621	3342364	527179	518741	1150343	1146101	0	0	0	5.76657718907935	1.41270186140827	0.687071785119754
Cyanobium_gracile_PCC_6307_PCC_6307	GCF_000316515.1	TTAA	709	431.399798707738	3342364	527179	518741	1150343	1146101	0	1.43643741176587e-34	2.16168762945465e-33	0.21212531010985	1.64348709045256	0.687071785119754
Cyanobium_sp_M30B3	GCF_018399015.1	AATT	1993	1469.66482810283	3180296	514717	510459	1081483	1073637	0	1.38166036494175e-38	2.25252507981412e-37	0.626671228086945	1.35609151276535	0.677647615190536
Cyanobium_sp_M30B3	GCF_018399015.1	AGCT	19963	17951.9934274506	3180296	514717	510459	1081483	1073637	0	9.54080373295281e-50	1.94614309320516e-48	6.27708867350712	1.11202135187251	0.677647615190536
Cyanobium_sp_M30B3	GCF_018399015.1	GGCC	59123	55221.3660732109	3180296	514717	510459	1081483	1073637	0	6.82038298150915e-62	1.63994013141985e-60	18.5904079368713	1.07065442607154	0.677647615190536
Cyanobium_sp_M30B3	GCF_018399015.1	TCGA	14730	10807.7580959553	3180296	514717	510459	1081483	1073637	0	5.53927710821449e-281	1.2547920354608e-278	4.63164435008565	1.3629098532019	0.677647615190536
Cyanobium_sp_M30B3	GCF_018399015.1	TTAA	914	539.892313550071	3180296	514717	510459	1081483	1073637	0	9.86129277452822e-49	1.98331794867147e-47	0.287394632449307	1.69293019563471	0.677647615190536
Cyanobium_sp_NIES-981_NIES-981	GCF_900088535.1	AATT	1311	889.437119887024	3021545	482925	465347	1040867	1032406	0	5.1911980827298e-40	8.62660870581816e-39	0.433883989813159	1.47396591696839	0.686163204585733
Cyanobium_sp_NIES-981_NIES-981	GCF_900088535.1	GGCC	56438	53282.6928983506	3021545	482925	465347	1040867	1032406	0	8.84796404219047e-43	1.58015092272148e-41	18.6785237353738	1.05921823635432	0.686163204585733
Cyanobium_sp_NIES-981_NIES-981	GCF_900088535.1	TCGA	14822	10351.300300906	3021545	482925	465347	1040867	1032406	0	0	0	4.90543745004625	1.43189740120888	0.686163204585733
Cyanobium_sp_NIES-981_NIES-981	GCF_900088535.1	TTAA	524	281.30993477659	3021545	482925	465347	1040867	1032406	0	2.57938072299802e-38	4.17355437285093e-37	0.173421213319676	1.86271416406302	0.686163204585733
Cyanobium_sp_NS01_NS01	GCF_014280235.1	GGCC	52984	49157.2397750741	2748087	439261	442008	938354	928464	0	1.32951327581551e-66	3.3076445890809e-65	19.2803211834269	1.07784733728818	0.679315465631183
Cyanobium_sp_NS01_NS01	GCF_014280235.1	TCGA	13502	9898.2628695714	2748087	439261	442008	938354	928464	0	3.66028727753123e-259	6.56411518437268e-257	4.91323600744809	1.36407773544861	0.679315465631183
Cylindrospermopsis_curvispora_GIHE-G1_GIHE-G1	GCF_014489415.1	ATAT	25856	23582.8067704628	4057210	1211935	1218838	813821	812616	0	1.11576949923768e-48	2.23361484870651e-47	6.37285228026156	1.09639197113655	0.400875724943989
Cylindrospermopsis_raciborskii_Cr2010_Cr2010	GCF_003367075.2	ATAT	23411	21325.3408450629	3757845	1124122	1121961	752592	759170	0	1.96609906192064e-45	3.67916972282889e-44	6.22990038173474	1.09780191416823	0.402294932334889
Cylindrospermopsis_raciborskii_KLL07_KLL07	GCF_021650815.1	ATAT	23948	21775.9067141536	3808183	1141943	1136038	764824	765378	0	4.20015215843506e-48	8.25454561182855e-47	6.28856333847402	1.09974754734023	0.401819450378304
Cylindrospermopsis_raciborskii_N8_N8	GCF_018139025.1	ATAT	24485	22298.3444743283	3857174	1153866	1155519	772348	775441	0	1.17500641096705e-47	2.27803044720819e-46	6.34791170945361	1.09806358172416	0.401275389702409
Cylindrospermum_stagnale_PCC_7417_PCC_7417	GCF_000317535.1	AATT	81845	78033.3858798487	7610589	2202263	2196338	1606737	1605051	200	1.8482451307952e-42	3.28712687724899e-41	10.7540953794772	1.04884594045452	0.422026784701807
Cylindrospermum_stagnale_PCC_7417_PCC_7417	GCF_000317535.1	ATAT	40002	33922.7834835474	7610589	2202263	2196338	1606737	1605051	200	2.98845881905413e-227	4.43528508869275e-225	5.25609778691242	1.17920747922708	0.422026784701807
Dolichospermum_compactum_NIES-806_NIES-806	GCF_002368115.1	ATAT	35402	31580.2903671769	5165988	1575540	1573378	968073	966980	82017	1.1693925593479e-99	4.74817507116355e-98	6.85290016159542	1.1210156584499	0.380618418161709
Dolichospermum_flos-aquae_CCAP_1403-13F_CCAP_1403-13f	GCF_012516395.1	ATAT	35684	32004.0301095004	5220684	1617601	1611525	994874	996684	0	1.55179207294981e-91	5.91054255042122e-90	6.83511968929742	1.11498457781438	0.38147453475445
Dolichospermum_heterosporum_TAC447_NIES-1697	GCF_024584745.1	ATAT	39399	34715.2894983912	5833376	1794712	1791420	1121914	1125330	0	9.36414021489251e-135	4.52845612189858e-133	6.75406488455399	1.13491780046443	0.385239010823235
Dolichospermum_sp_BR01	GCF_018447705.1	ATAT	37922	33724.1145007785	5575959	1723724	1722875	1063217	1066143	0	3.48014194628467e-112	1.51298292291002e-110	6.80098257537403	1.12447726386188	0.381882291458743
Dolichospermum_sp_OL01	GCF_018447755.1	ATAT	35686	31945.3591281614	5274066	1634147	1625504	1006708	1007706	1	1.3147023216867e-94	5.19126494728399e-93	6.76631653832167	1.11709497009664	0.381947131861287
Dolichospermum_sp_UHCC_0315A_UHCC_0315A	GCF_008121535.1	ATAT	38496	34543.1568223189	5642022	1745109	1744007	1074389	1078517	0	1.02961753402349e-97	4.10321654299731e-96	6.82308576606047	1.11443201899622	0.381584120019383
Dolichospermum_sp_WA123	GCF_018447775.1	ATAT	33414	30048.1590002699	4984963	1534746	1541799	951928	956490	0	7.3026249441708e-82	2.43647269455125e-80	6.70295847732471	1.11201488249912	0.382834937791915
Euhalothece_natronophila_Z-M001_Z-M001	GCF_007904085.1	CGCG	8736	7050.69302812847	3524308	1043086	1036150	721395	723677	0	8.58208368626082e-84	2.97881356336021e-82	2.4787844876214	1.23902713749529	0.410029997378209
Fischerella_sp_NIES-3754_NIES-3754	GCF_001548455.1	AATT	64511	61015.1488006574	5826863	1723733	1715387	1192344	1195399	0	2.05058692139982e-45	3.82066065355187e-44	11.0713088672241	1.05729480740535	0.40978190151373
Fischerella_sp_NIES-3754_NIES-3754	GCF_001548455.1	ATAT	29979	26422.080613091	5826863	1723733	1715387	1192344	1195399	0	1.62634018323229e-102	6.7958914064386e-101	5.1449639368559	1.13461920122773	0.40978190151373
Fischerella_sp_NIES-4106_NIES-4106	GCF_002368315.1	ATAT	40933	36269.2408726121	7250844	2173915	2171423	1450629	1450314	4563	4.04529861462367e-128	1.81364221222295e-126	5.64527384674115	1.12858717235821	0.400335427235019
Geitlerinema_sp_PCC_7407_PCC_7407	GCF_000317045.1	GATC	40940	37036.3009318529	4681111	970579	973810	1365855	1370867	0	1.72491225283128e-89	6.34531823605628e-88	8.74578705781598	1.10540196968725	0.584630870748418
Geitlerinema_sp_PCC_7407_PCC_7407	GCF_000317045.1	TTAA	5608	4374.04313507189	4681111	970579	973810	1365855	1370867	0	9.32170780071604e-72	2.49196461952061e-70	1.19800619981026	1.28210898402762	0.584630870748418
Geminocystis_herdmanii_PCC_6308_PCC_6308	GCF_000332235.1	TCGA	19257	17556.6160992894	4263418	1402199	1398894	730751	730574	1000	5.03722657838576e-37	7.88371752486265e-36	4.51679849360302	1.09685145993364	0.342839439961074
Gloeobacter_kilaueensis_JS1_JS1	GCF_000484535.1	AATT	10177	7486.63234383734	4724791	931715	932838	1431757	1428481	0	2.08999619796783e-191	1.87402992417782e-189	2.15395770945212	1.35935618748225	0.605368152792367
Gloeobacter_kilaueensis_JS1_JS1	GCF_000484535.1	CCGG	40610	36804.8193685976	4724791	931715	932838	1431757	1428481	0	1.05708196997501e-85	3.72924655637086e-84	8.59508917960604	1.10338810777181	0.605368152792367
Gloeobacter_kilaueensis_JS1_JS1	GCF_000484535.1	TCGA	38149	30978.779762169	4724791	931715	932838	1431757	1428481	0	0	0	8.07421957923641	1.23145586407465	0.605368152792367
Gloeobacter_morelensis_MG652769	GCF_021018745.1	AATT	12116	9422.13574007348	5102396	978934	972776	1575267	1575419	0	4.41607558349228e-156	2.46841419627932e-154	2.37457069188671	1.28590802916044	0.617491468713914
Gloeobacter_morelensis_MG652769	GCF_021018745.1	GCGC	59490	55116.2795925388	5102396	978934	972776	1575267	1575419	0	1.18167924764273e-76	3.43645100125292e-75	11.6592283311605	1.0793544201422	0.617491468713914
Gloeobacter_morelensis_MG652769	GCF_021018745.1	TCGA	39874	30134.5677447907	5102396	978934	972776	1575267	1575419	0	0	0	7.81475996767009	1.32319800760683	0.617491468713914
Gloeobacter_violaceus_PCC_7421_PCC_7421	GCF_000011385.1	AATT	11021	8502.74477716379	4659019	887941	882586	1444547	1443945	0	8.7477070377098e-151	4.70626638628787e-149	2.36551943660243	1.29616968271229	0.619978583474332
Gloeobacter_violaceus_PCC_7421_PCC_7421	GCF_000011385.1	GCGC	53692	49891.5896787024	4659019	887941	882586	1444547	1443945	0	2.38666118021411e-64	5.86982269693801e-63	11.5243144533216	1.07617336600762	0.619978583474332
Gloeobacter_violaceus_PCC_7421_PCC_7421	GCF_000011385.1	TCGA	36930	28038.5862647752	4659019	887941	882586	1444547	1443945	0	0	0	7.92656136409832	1.31711348251517	0.619978583474332
Gloeocapsa_sp_PCC_7428_PCC_7428	GCF_000317555.1	ATAT	24780	21570.5222822942	5882710	1669666	1662208	1275272	1275564	0	1.00836387391702e-101	4.17307510897966e-100	4.21234431070034	1.14878998643163	0.433615799520969
Gloeothece_citriformis_PCC_7424_PCC_7424	GCF_000021825.1	AATT	88187	84381.4030821345	6554169	2007565	2022606	1261085	1262913	0	1.90713568282623e-39	3.13294350339088e-38	13.4551001049866	1.04509994831635	0.385098095578555
Leptolyngbya_boryana_IAM_M-101_IAM_M-101	GCF_002142475.1	ATAT	18082	16275.3720438901	6803468	1804851	1800489	1602507	1595621	0	2.21714607095219e-44	4.04347317346534e-43	2.65776218834277	1.11100378849945	0.470073203842511
Leptolyngbya_boryana_IU_594_IU_594	GCF_022372495.1	ATAT	19102	17207.6810681549	7227162	1911589	1916736	1695879	1702958	0	4.42521373957881e-46	8.35356137506456e-45	2.64308451920685	1.11008566025499	0.470286538478036
Leptolyngbya_boryana_NIES-2135_NIES-2135	GCF_002368255.1	ATAT	19104	17214.6429962647	7233668	1913534	1918358	1697127	1704649	0	7.75368307145834e-46	1.45728611089767e-44	2.64098379964356	1.10975290072209	0.470269854795658
Leptolyngbya_boryana_dg5_dg5	GCF_002142495.1	ATAT	18082	16275.557237332	6803469	1804849	1800491	1602506	1595623	0	2.26353461977582e-44	4.11065527574479e-43	2.65776179769468	1.11099114680538	0.470073281733186
Leptolyngbya_sp_BL0902_BL0902	GCF_016403105.1	TTAA	7741	6099.90122626097	4710209	995278	999389	1355830	1359712	0	8.52137311169159e-91	3.2171920940983e-89	1.64345149015681	1.26903694221701	0.576522612903164
Leptolyngbya_sp_NIES-3755_NIES-3755	GCF_001548435.1	GATC	68691	64899.7562536393	6761657	1802088	1801838	1575323	1582407	1	6.14272193391706e-50	1.25896548588472e-48	10.1589003997097	1.05841691810897	0.467005419974042
Leptolyngbya_sp_PCC_7376	GCF_000316605.1	ATAT	24731	22885.7567398419	5125950	1447674	1429657	1129381	1119238	0	8.14210400632181e-34	1.2125818561664e-32	4.82466664715809	1.08062845730356	0.438673611720754
Limnospira_fusiformis_KN01_KN01	GCF_014489865.2	AATT	54617	50759.0893793332	5640992	1558805	1550106	1245006	1246544	40531	4.83823729745034e-65	1.19676858208197e-63	9.68216228634964	1.07600433080735	0.444883019451434
Limnospira_fusiformis_KN01_KN01	GCF_014489865.2	ATAT	31534	29341.8754378101	5640992	1558805	1550106	1245006	1246544	40531	4.08223983144044e-37	6.41239424617506e-36	5.59015151944906	1.07470976307687	0.444883019451434
Limnospira_indica_PCC_8005_PCC_8005	GCF_000973065.1	AATT	58360	54600.4585788832	6228153	1720656	1721232	1395210	1390533	522	8.78656374744157e-58	1.97996703502558e-56	9.37035426072545	1.06885549167477	0.447319855656188
Limnospira_indica_PCC_8005_PCC_8005	GCF_000973065.1	ATAT	34068	31540.610846828	6228153	1720656	1721232	1395210	1390533	522	2.45394390598049e-45	4.5524890393707e-44	5.47000049613425	1.08013126839698	0.447319855656188
Microcoleus_vaginatus_HSN003_HSN003	GCF_022701255.1	AATT	68443	64770.2026539256	6756317	1828722	1834043	1548132	1545420	0	4.15620073958065e-47	8.02165380410543e-46	10.1302233154543	1.05670504638836	0.457875496368806
Microcoleus_vaginatus_HSN003_HSN003	GCF_022701255.1	ATAT	26296	21979.7845280821	6756317	1828722	1834043	1548132	1545420	0	3.24497415342119e-176	2.14867211635766e-174	3.89206131091836	1.19637205571344	0.457875496368806
Microcoleus_vaginatus_PCC_9802_PCC_9802	GCF_022701275.1	AATT	67213	63605.2177924013	6698371	1808279	1806646	1540014	1543432	0	2.55667150598786e-46	4.84753927831355e-45	10.0342307107206	1.05672148186606	0.460327742371989
Microcoleus_vaginatus_PCC_9802_PCC_9802	GCF_022701275.1	ATAT	25808	21346.3346565651	6698371	1808279	1806646	1540014	1543432	0	6.38557012947621e-193	6.10744307494792e-191	3.85287706518495	1.20901318260101	0.460327742371989
Microcystis_aeruginosa_NIES-88	GCF_019704275.1	AATT	63205	58658.653841589	5501105	1581960	1576324	1173676	1169145	0	8.01305702781256e-78	2.3950137116462e-76	11.4895098348423	1.07750512261479	0.425881891001899
Microcystis_aeruginosa_FACHB-905_DIANCHI905_DIANCHI905	GCF_021172085.1	AATT	60255	55822.3798974678	5103104	1479268	1476968	1073984	1072884	0	1.02576911523214e-77	3.02391114517748e-76	11.8075195018561	1.07940578869396	0.420698461171867
Microcystis_aeruginosa_FD4_FD4	GCF_009792235.1	AATT	62511	58842.3970318828	5493112	1582319	1572198	1170916	1167679	0	1.68605841020087e-51	3.50569825966402e-50	11.3798881217059	1.06234625292592	0.42573226251349
Microcystis_aeruginosa_NIES-2481_NIES-2481	GCF_001704955.2	AATT	50907	47108.3396580011	4440545	1271658	1265242	953186	950459	0	7.28017714666717e-68	1.85407588397961e-66	11.4641333439927	1.08063668491771	0.428696252374427
Microcystis_aeruginosa_NIES-2549_NIES-2549	GCF_000981785.2	AATT	49400	45648.2816875546	4301200	1230086	1225108	923544	922462	0	2.87038062993274e-68	7.35364180430386e-67	11.485166930159	1.08218750353243	0.429183948665489
Microcystis_aeruginosa_NIES-298_NIES-298	GCF_010196425.1	AATT	57608	53512.4012105885	5015081	1444948	1436040	1069456	1064637	0	1.72685649281994e-69	4.47734358138376e-68	11.4869530522039	1.07653550759746	0.425535101028279
Microcystis_aeruginosa_NIES-843_NIES-843	GCF_000010625.1	AATT	67363	62733.0457342613	5842795	1686154	1683349	1237551	1235741	0	1.259621336629e-75	3.56671725845475e-74	11.529242425928	1.07380407266294	0.423306311448545
Microcystis_aeruginosa_PCC_7806SL_PCC_7806SL	GCF_002095975.1	AATT	60661	56176.0555818214	5139339	1487367	1488999	1080922	1082051	0	5.18841922206042e-79	1.61818524143102e-77	11.8032688639531	1.07983729672238	0.420865990743168
Microcystis_panniformis_FACHB-1757_FACHB-1757	GCF_001264245.1	AATT	65640	60592.4193262087	5686839	1641384	1636816	1206395	1202244	0	2.80380584383851e-92	1.08716940107036e-90	11.5424403609809	1.08330383123699	0.423546191478254
Microcystis_sp_MC19_MC19	GCF_003019735.1	AATT	58216	53557.5320548002	5020243	1438559	1440528	1069973	1071183	0	6.62531633197385e-89	2.41655605871318e-87	11.5962514165151	1.08698063122911	0.426504454067263
Microcystis_viridis_NIES-102_NIES-102	GCF_003945305.1	AATT	67211	62664.5454012044	5874197	1694407	1689783	1245525	1244482	0	4.22421002966516e-73	1.17296773985025e-71	11.4417340787175	1.07255226332031	0.42388891622123
Nodularia_sphaerocarpa_UHCC_0038_UHCC_0038	GCF_022376295.1	ATAT	31725	26865.3658182296	5451672	1606096	1595895	1124055	1125620	6	8.01454928353915e-184	6.27174911206409e-182	5.81931561546623	1.18088844256395	0.412658258961572
Nodularia_spumigena_CCY9414_CCY9414	GCF_000340565.2	AATT	64468	61204.3964585465	5462271	1605019	1602714	1127562	1122441	4507	8.39566663077846e-40	1.38448081145098e-38	11.8024169800436	1.05332302465663	0.412259405731607
Nodularia_spumigena_CCY9414_CCY9414	GCF_000340565.2	ATAT	31652	27097.9445903595	5462271	1605019	1602714	1127562	1122441	4507	5.85473854683575e-161	3.49983259799737e-159	5.79465940082431	1.16805907158215	0.412259405731607
Nodularia_spumigena_UHCC_0039_UHCC_0039	GCF_003054475.1	AATT	63718	60404.5905710401	5386612	1581690	1583862	1110457	1110603	0	1.84443733612134e-41	3.18813586131174e-40	11.8289566800059	1.05485360297349	0.412329679583382
Nodularia_spumigena_UHCC_0039_UHCC_0039	GCF_003054475.1	ATAT	31145	26730.6980964731	5386612	1581690	1583862	1110457	1110603	0	1.495079889937e-153	8.14534664087197e-152	5.78192748985819	1.16513979124658	0.412329679583382
Nostoc_cf_commune_SO-36_SO-36	GCF_023734775.1	ATAT	39106	34106.1351899429	7408262	2170515	2174046	1533685	1530016	0	3.56358282141889e-155	1.96636672607525e-153	5.27870099626606	1.14659722604781	0.413551923514584
Nostoc_edaphicum_CCNP1411_CCNP1411	GCF_014023275.1	ATAT	43680	37788.0944871475	8316316	2428205	2429312	1727952	1730847	0	2.40752491403539e-193	2.35499709772916e-191	5.25232566920257	1.15591962476056	0.415905191673813
Nostoc_flagelliforme_CCNUN1_CCNUN1	GCF_002813575.1	ATAT	51349	45516.1023509065	10231233	2972783	2974654	2139123	2144673	0	4.67133864078418e-159	2.68072553465801e-157	5.01884767945369	1.12815020065041	0.418697922332528
Nostoc_linckia_NIES-25_NIES-25	GCF_002368035.1	AATT	100924	97057.7003259767	8590040	2520048	2524735	1770009	1770407	4841	1.31797537552846e-35	2.01870676735746e-34	11.7489557673771	1.03983506368931	0.412386014581607
Nostoc_linckia_NIES-25_NIES-25	GCF_002368035.1	ATAT	45311	39445.60809987	8590040	2520048	2524735	1770009	1770407	4841	4.41021739185946e-184	3.51510660269688e-182	5.27482991930189	1.14869568965143	0.412386014581607
Nostoc_piscinale_CENA21_CENA21	GCF_001298445.1	AATT	87771	82787.7710459772	7094556	2107623	2110272	1437468	1438706	482	5.45302513598376e-67	1.37250410440199e-65	12.3715987300685	1.06019281460369	0.405433609399627
Nostoc_piscinale_CENA21_CENA21	GCF_001298445.1	ATAT	40142	34048.0145497832	7094556	2107623	2110272	1437468	1438706	482	1.30533224437353e-227	2.00648213563703e-225	5.65814125647891	1.17898210896575	0.405433609399627
Nostoc_punctiforme_PCC_73102_ATCC_29133_PCC_73102	GCF_000020025.1	ATAT	48115	42187.9162214316	9059191	2658118	2654688	1873338	1873047	0	2.62934298936742e-176	1.76823316034959e-174	5.31118065619767	1.14049245161716	0.41354520508509
Nostoc_sp_Lobaria_pulmonaria_5183_cyanobiont_5183	GCF_002949795.1	ATAT	38230	33413.9026010466	7339908	2146883	2138779	1528860	1525385	1	3.49630862103143e-147	1.81302557890594e-145	5.20851215028853	1.14413453754434	0.416114945325602
Nostoc_sp_Peltigera_membranacea_cyanobiont_N6_N6	GCF_002949735.1	ATAT	47890	41783.0896741927	8898590	2606437	2609313	1839855	1842985	0	1.68995494832743e-188	1.48440124440842e-186	5.38175149096655	1.14615746162925	0.41386781501339
Nostoc_sp_ATCC_53789_ATCC_53789	GCF_009873495.1	ATAT	45854	40013.1935922957	8653730	2530171	2539914	1794144	1789501	0	3.70187775699975e-180	2.70048845188592e-178	5.29875556551915	1.14597201281202	0.414115647241132
Nostoc_sp_C052_C052	GCF_013393905.1	ATAT	52216	45274.7377684457	9879831	2895458	2884259	2047979	2052135	0	8.83292980517777e-224	1.2263525768221e-221	5.2851106461234	1.15331424484566	0.414998394203302
Nostoc_sp_C057_C057	GCF_013393925.1	ATAT	48562	42577.4202179519	9234448	2697407	2709551	1914903	1912587	0	4.60122519432349e-178	3.19414084457553e-176	5.25878753120923	1.14055759488041	0.414479566076933
Nostoc_sp_CENA543_CENA543	GCF_002896875.1	ATAT	40385	33973.3162395405	7207640	2131734	2132207	1471824	1471875	0	1.65016701213674e-251	2.84092752809461e-249	5.60308228490879	1.18872705023118	0.408413711006654
Nostoc_sp_MS1_MS1	GCF_019976755.1	AATT	88074	84121.4685559734	7901148	2348344	2350022	1604127	1598655	0	2.12755386420619e-42	3.76830939569688e-41	11.1469877541846	1.0469860014557	0.40535653806257
Nostoc_sp_MS1_MS1	GCF_019976755.1	ATAT	46245	40266.5365661472	7901148	2348344	2350022	1604127	1598655	0	2.0354320933356e-187	1.75209994594329e-185	5.8529469388499	1.14847225372939	0.40535653806257
Nostoc_sp_NIES-2111_NIES-2111	GCF_002368215.1	ATAT	45456	39409.5722436782	7876755	2340575	2338727	1597246	1597694	2513	1.85921220758715e-195	1.86094170731513e-193	5.77090438892666	1.15342535866503	0.405745721302444
Nostoc_sp_NIES-3756_NIES-3756	GCF_001548375.1	AATT	78444	74813.2304650735	6987571	2076063	2076101	1418054	1417353	0	2.5779837900666e-40	4.33423524704948e-39	11.2262186674024	1.04853111558418	0.405778631802095
Nostoc_sp_NIES-3756_NIES-3756	GCF_001548375.1	ATAT	40356	34980.6555055401	6987571	2076063	2076101	1418054	1417353	0	2.78262228112843e-174	1.78752332805623e-172	5.77539748791104	1.15366620255611	0.405778631802095
Nostoc_sp_NIES-4103_NIES-4103	GCF_002368335.1	AATT	96055	90808.3731991193	8590607	2517725	2519720	1762184	1760508	30470	1.18292202797431e-67	2.99488024023613e-66	11.1813984739379	1.05777690554346	0.411522852963685
Nostoc_sp_NIES-4103_NIES-4103	GCF_002368335.1	ATAT	45755	39984.6398871396	8590607	2517725	2519720	1762184	1760508	30470	4.11979840416701e-176	2.68660792902043e-174	5.32616612539719	1.14431441996596	0.411522852963685
Nostoc_sp_PCC_7107_PCC_7107	GCF_000316625.1	AATT	77960	73837.6266605349	6329823	1884265	1890982	1275594	1278982	0	5.82488602826044e-52	1.22294192515283e-50	12.3163001556284	1.05583025248655	0.403577793565476
Nostoc_sp_PCC_7107_PCC_7107	GCF_000316625.1	ATAT	36429	31098.2729660574	6329823	1884265	1890982	1275594	1278982	0	1.60936758434933e-191	1.47376980490202e-189	5.75513722895569	1.17141553293847	0.403577793565476
Nostoc_sp_PCC_7120_FACHB-418_PCC_7120	GCF_000009705.1	ATAT	41034	35244.9171743772	7211789	2118832	2116772	1487984	1488201	0	1.28402352270687e-199	1.41703519018727e-197	5.68985032701317	1.16425298425248	0.412683316164685
Nostoc_sp_PCC_7524_PCC_7524	GCF_000316645.1	ATAT	36411	30954.8563963111	6718869	1965913	1962539	1395516	1394901	0	4.31768443055719e-201	4.89034573397845e-199	5.41921564477593	1.17626131208088	0.415310523244314
Nostoc_sp_TCL240-02	GCF_013343235.1	ATAT	42161	36880.6921743459	7887247	2316981	2313899	1625830	1630537	0	3.74223971634561e-160	2.20638352591117e-158	5.34546464691673	1.14317268777637	0.412864843715431
Nostoc_sp_TCL26-01_TCL26-01	GCF_013393945.1	ATAT	40106	34405.6011138085	7387676	2177561	2177055	1515408	1517652	0	3.73054123148784e-198	3.8229165381723e-196	5.42877083402142	1.16568229304686	0.410556716347604
Nostoc_sp_UHCC_0702_UHCC_0702	GCF_017164015.1	AATT	94416	89026.4212912464	8587404	2506095	2506759	1787666	1786884	0	1.40673880641696e-72	3.8079269325903e-71	10.994708063112	1.06053909199744	0.416255017232216
Nostoc_sp_UHCC_0702_UHCC_0702	GCF_017164015.1	ATAT	45498	39603.1059098229	8587404	2506095	2506759	1787666	1786884	0	3.51893481565011e-185	2.96970498952119e-183	5.29822516793201	1.148849287316	0.416255017232216
Nostoc_sp_UHCC_0870_UHCC_0870	GCF_022063185.1	ATAT	40907	34260.1234365796	7172241	2112980	2120238	1465535	1473488	0	1.75862771239653e-267	3.44051530643395e-265	5.70351721309978	1.19401204364382	0.409777501899337
Nostoc_sphaeroides_Kutzing_En	GCF_003443655.1	ATAT	34635	30135.6614683523	6684490	1955963	1947309	1389673	1391545	0	2.78957639436316e-142	1.42932580968322e-140	5.18139753369367	1.14930279650151	0.416070335956819
Nostoc_sphaeroides_CCNUC1	GCF_009372195.1	ATAT	49900	43757.7596678346	9516388	2789938	2792309	1969009	1965132	0	1.85150296278681e-182	1.42301227711329e-180	5.24358611691747	1.14036916832103	0.413406956504926
Oscillatoria_acuminata_PCC_6304_PCC_6304	GCF_000317105.1	ATAT	28932	26623.9670590185	7804270	2038820	2049663	1857369	1858418	0	1.18296790257193e-44	2.16659312879557e-43	3.70720131415238	1.08669004644819	0.476122302278112
Oscillatoria_nigro-viridis_PCC_7112_PCC_7112	GCF_000317475.1	AATT	82941	79128.1609010784	8272254	2250195	2234651	1890595	1896813	0	6.60715601265978e-42	1.16545899501999e-40	10.0264087635607	1.04818561502634	0.457844742194812
Oscillatoria_nigro-viridis_PCC_7112_PCC_7112	GCF_000317475.1	ATAT	32020	26953.762858424	8272254	2250195	2234651	1890595	1896813	0	3.57291470886987e-198	3.75068900170144e-196	3.87077089267327	1.18796029215611	0.457844742194812
Oxynema_aestuarii_AP17_AP17	GCF_012295525.1	AATT	46715	42040.3282412829	6357750	1537227	1549300	1634511	1636712	0	4.02391661779094e-112	1.73189371229722e-110	7.34772521725453	1.1111949395801	0.514525264441037
Oxynema_aestuarii_AP17_AP17	GCF_012295525.1	ATAT	17549	15415.8116734793	6357750	1537227	1549300	1634511	1636712	0	8.04589748004079e-64	1.9675876564827e-62	2.76025323424167	1.13837664676395	0.514525264441037
Oxynema_aestuarii_AP17_AP17	GCF_012295525.1	GATC	63898	53294.4581020655	6357750	1537227	1549300	1634511	1636712	0	0	0	10.0504109158114	1.198961435683	0.514525264441037
Oxynema_aestuarii_AP17_AP17	GCF_012295525.1	TGCA	18330	16037.3043808097	6357750	1537227	1549300	1634511	1636712	0	1.53276558386753e-70	4.02257504449138e-69	2.88309543470567	1.14296016118106	0.514525264441037
Parasynechococcus_marenigrum_WH_8102_WH_8102	GCF_000195975.1	TATA	1146	754.663288866539	2434428	491716	496355	722963	723394	0	3.60671187910792e-40	6.04018985512859e-39	0.470747132385924	1.51855803363806	0.594126012352799
Parasynechococcus_marenigrum_WH_8102_WH_8102	GCF_000195975.1	TCGA	11975	10257.8529416441	2434428	491716	496355	722963	723394	0	8.67213398803799e-62	2.07360359358419e-60	4.91901999155448	1.16739829164296	0.594126012352799
Planktothrix_agardhii_NIVA-CYA126-8	GCF_904830765.1	ATAT	32143	28811.2361417389	5099909	1534612	1546134	1012582	1006581	0	1.73887943331302e-83	5.89302132360569e-82	6.30266147886168	1.11564112840804	0.395921378204984
Planktothrix_agardhii_No2A	GCF_904830775.1	ATAT	30339	27192.5932622518	4794075	1442863	1449959	950353	950900	0	5.23739399563513e-79	1.6217081839722e-77	6.32843666400713	1.11570822640575	0.396583908261761
Planktothrix_agardhii_No365	GCF_904830845.1	ATAT	31322	28196.4674055697	4974996	1503030	1502951	982843	986172	0	2.11385088070682e-75	5.90780142244294e-74	6.29588445900258	1.11084837506322	0.395782227764605
Planktothrix_agardhii_No66	GCF_904830855.1	ATAT	31101	27900.8413928944	4947677	1489192	1495029	981066	982390	0	1.16809441742151e-79	3.75184953177774e-78	6.28598026912428	1.114697566358	0.396844013867518
Planktothrix_agardhii_PCC_7811	GCF_904830885.1	ATAT	32554	29197.948039063	5144739	1549203	1558843	1017510	1019183	0	1.32833139083763e-83	4.57371064493213e-82	6.32762905951108	1.11494136356593	0.395878780245217
Planktothrix_agardhii_PCC7805	GCF_904830915.1	ATAT	30980	27800.1989943075	4903948	1477538	1482423	970645	973342	0	5.79873775399435e-79	1.78269766379941e-77	6.31735899320303	1.11438051239646	0.396412645484822
Planktothrix_agardhii_No976	GCF_904830935.1	ATAT	30869	27676.942362178	4904228	1474652	1483626	971879	974071	0	7.08828232375063e-80	2.29383211439268e-78	6.29436478075652	1.11533274145861	0.39679027973414
Planktothrix_agardhii_No758	GCF_904830945.1	ATAT	35341	31662.5442405043	5640632	1709403	1704390	1112769	1113939	131	2.41859099379017e-92	9.46328694297535e-91	6.26543266782871	1.11617688495134	0.394771315526759
Planktothrix_agardhii_NIVA-CYA_126-8_NIVA-CYA_126-8	GCF_000710505.1	ATAT	31801	28495.5353641177	5045869	1523642	1524977	1000114	996336	800	4.37825693046479e-83	1.47218889286879e-81	6.30238319702711	1.1159993870494	0.395723031736533
Planktothrix_pseudagardhii_No713	GCF_904830925.1	ATAT	37207	34142.0740515756	6654737	2015397	2017187	1311278	1310875	0	1.13579842575683e-60	2.68597605739418e-59	5.59105491321445	1.08976976453728	0.39402804348241
Planktothrix_rubescens_NIVA-CYA_18_PCC_7821	GCF_900009275.2	ATAT	35462	31813.9808649148	5627634	1698467	1700292	1111497	1105136	12242	1.76290667831099e-90	6.59786986387001e-89	6.30140481772624	1.1146671694616	0.394742343900479
Planktothrix_tepida_PCC9214	GCF_904830955.1	ATAT	37540	34427.7267704408	6791916	2051010	2057116	1340717	1343073	0	5.60883300496055e-62	1.35620321648035e-60	5.52715905202597	1.09040019546778	0.395144757385103
Pleurocapsa_sp_PCC_7327_PCC_7327	GCF_000317025.1	AATT	46407	43574.2351023707	4986817	1368246	1364862	1126953	1126756	0	9.44767865530918e-42	1.65295971270125e-40	9.30593603093917	1.06501008889712	0.451933367516795
Pseudanabaena_sp_ABRG5-3_ABRG5-3	GCF_003967015.1	ATAT	32291	26985.2438696546	5657972	1633547	1637249	1195328	1191848	0	1.13363286112777e-216	1.52473619821685e-214	5.70716857559564	1.19661694205817	0.421913717494537
Pseudanabaena_sp_ABRG5-3_ABRG5-3	GCF_003967015.1	GATC	39504	35958.6179870204	5657972	1633547	1637249	1195328	1191848	0	2.15675134911118e-76	6.22997168226477e-75	6.98200698059305	1.09859617002687	0.421913717494537
Pseudanabaena_sp_PCC_7367_PCC_7367	GCF_000317065.1	ATAT	25229	20502.9796634011	4885680	1314560	1312767	1130783	1127570	0	8.09450949854681e-224	1.16129229605818e-221	5.16386664701741	1.23050407375837	0.462239237936173
Pseudanabaena_sp_PCC_7367_PCC_7367	GCF_000317065.1	GATC	53544	38956.3944065816	4885680	1314560	1312767	1130783	1127570	0	0	0	10.9593751535098	1.37445984967628	0.462239237936173
Richelia_sinica_FACHB-800_FACHB_800	GCF_019056575.1	ATAT	35698	31139.2143324648	5729487	1727184	1725871	1136223	1140209	0	1.24485327296626e-141	6.30335116099619e-140	6.23057526790793	1.14640015059026	0.397318643012891
Rivularia_sp_PCC_7116_PCC_7116	GCF_000316665.1	ATAT	64217	57043.5793823737	8728773	2727467	2725256	1639774	1636276	0	5.06488875427528e-192	4.73897417356539e-190	7.35693321386637	1.12575333973245	0.375316209964447
Scytonema_sp_HK-05_NIES-2130	GCF_002368235.1	ATAT	41598	38945.4759578003	9762966	2734130	2737296	2125757	2127192	38591	9.08200143537586e-41	1.54501716118015e-39	4.26079533617141	1.06810865644764	0.437349341217302
Scytonema_sp_NIES-4073_NIES-4073	GCF_002368435.1	ATAT	43066	40052.4839650515	9848021	2778377	2774230	2134834	2127936	32644	1.5512915275819e-50	3.19462140416865e-49	4.37306134907714	1.07523917961188	0.434295086169385
Sphaerospermopsis_kisseleviana_NIES-73_NIES-73	GCF_002368075.1	ATAT	37288	33390.8086578644	5609991	1721747	1723262	1036167	1037883	90932	3.66437693670001e-98	1.47396993790251e-96	6.64671298046646	1.11671449416119	0.375797758277272
Sphaerospermopsis_torques-reginae_ITEP-024_ITEP-024	GCF_019598945.1	ATAT	35530	31843.8744926637	5254542	1649207	1637449	983134	984652	100	2.94437935518251e-92	1.13148292363442e-90	6.76176915133612	1.11575618752628	0.374499518692946
Stanieria_cyanosphaera_PCC_7437_PCC_7437	GCF_000317575.1	ATAT	28895	26218.1532865734	5544990	1767264	1769151	1002535	1006040	0	4.95135273572611e-60	1.15818598774811e-58	5.21101029938738	1.10209898020535	0.362232393566084
Stanieria_sp_NIES-3757_NIES-3757	GCF_002355455.1	AATT	87666	84177.5711681284	5463308	1733122	1735747	998867	995572	0	1.16190512887473e-33	1.72442747402649e-32	16.0463221183942	1.04144131011934	0.365060692166724
Stanieria_sp_NIES-3757_NIES-3757	GCF_002355455.1	ATAT	27867	25555.5621999208	5463308	1733122	1735747	998867	995572	0	1.4307072588203e-46	2.7246743548507e-45	5.10075580582314	1.09044754257397	0.365060692166724
Synechococcus_elongatus_PCC_11801_PCC_11801	GCF_003846445.1	GATC	27639	24705.9934366666	2691022	603121	609732	736578	740791	800	7.36008076908934e-76	2.11185250867737e-74	10.2708190419848	1.11871639854727	0.549162485475176
Synechococcus_elongatus_PCC_11802_PCC_11802	GCF_009498715.1	GATC	28258	25225.1882894194	2760484	620957	626474	755804	756749	500	2.67484797566055e-79	8.4651071229728e-78	10.2366106813153	1.12022949742867	0.548029626258703
Synechococcus_elongatus_PCC_6301_PCC_6301	GCF_022984195.1	GATC	28556	25529.4057473679	2749599	613457	611833	762623	761686	0	4.05265092914505e-78	1.23706451057023e-76	10.3855143968266	1.11855325903715	0.554375019775611
Synechococcus_elongatus_PCC_6301_PCC_6301	GCF_000010065.1	GATC	28006	25034.4741254405	2696255	599382	600874	748052	747947	0	7.98707841955381e-77	2.33852962705848e-75	10.3869997459439	1.11869735548149	0.55484329189932
Synechococcus_elongatus_UTEX_2973_UTEX_2973	GCF_000817325.1	GATC	28496	25476.5157156375	2744626	610686	612439	760195	761306	0	6.40704829266521e-78	1.92838712249168e-76	10.382471054344	1.11852029995252	0.554356404114805
Synechococcus_elongatus_UTEX_3055_UTEX_3055	GCF_003957805.1	GATC	29613	26486.6216596775	2881223	645838	647167	795825	792393	0	2.76084247908531e-80	9.07073742746807e-79	10.2779271163669	1.11803613086232	0.551230501769561
Synechococcus_sp_A10-1-5-1_A10-1-5-1	GCF_023115425.1	TCGA	12911	10322.9644316805	2404104	459120	457102	742747	745135	0	1.69743897227851e-133	7.85567455557709e-132	5.37039994941983	1.25070662457937	0.618892527111972
Synechococcus_sp_A10-1-5-1_A10-1-5-1	GCF_023115425.1	TTAA	1653	1164.57073723259	2404104	459120	457102	742747	745135	0	1.53747425490094e-41	2.66826177140872e-40	0.687574248035859	1.4194071232874	0.618892527111972
Synechococcus_sp_A15-127_A15-127	GCF_014280215.1	AATT	3926	3109.84010233764	2543463	495399	506253	770716	771095	0	3.32248755540415e-45	6.13733323539033e-44	1.54356481694446	1.26244432858424	0.606185739678541
Synechococcus_sp_A15-127_A15-127	GCF_014280215.1	TCGA	14742	12625.6137279999	2543463	495399	506253	770716	771095	0	8.19835099189904e-76	2.33680150126712e-74	5.79603477620866	1.16762640752319	0.606185739678541
Synechococcus_sp_A15-44_A15-44	GCF_014280115.1	AATT	4198	3402.46668236759	2621965	514199	513918	797848	796000	0	7.7815779588116e-40	1.28815044364328e-38	1.60108925939133	1.2338107590458	0.607883019033435
Synechococcus_sp_A15-44_A15-44	GCF_014280115.1	TCGA	13231	11091.9905694127	2621965	514199	513918	797848	796000	0	4.33546810811843e-87	1.56805501994468e-85	5.04621533849613	1.19284270187587	0.607883019033435
Synechococcus_sp_A15-60_A15-60	GCF_014280095.1	TCGA	13493	12021.4131016538	2543402	529242	533366	739163	741631	0	4.97462834229687e-40	8.29875983924253e-39	5.30509923323171	1.1224138032611	0.582209969167281
Synechococcus_sp_A15-62_A15-62	GCF_014280075.1	AATT	4354	3568.92692908298	2294140	459922	459747	686884	687587	0	2.79203640945672e-37	4.41798702437563e-36	1.89787894374362	1.21997454319378	0.59912254701108
Synechococcus_sp_A15-62_A15-62	GCF_014280075.1	TCGA	11484	9690.69376680567	2294140	459922	459747	686884	687587	0	1.20695340628391e-70	3.18694936235947e-69	5.00579737941015	1.18505447353389	0.59912254701108
Synechococcus_sp_A18-25c_A18-25c	GCF_014280035.1	TCGA	13307	11873.1850100232	2511360	525081	525802	729280	731197	0	1.42541676869264e-38	2.31509198960495e-37	5.29872260448522	1.12076077217414	0.581548244775739
Synechococcus_sp_BMK-MC-1_BMK-MC-1	GCF_014279955.1	TCGA	13540	11753.7097528447	2601150	513644	517512	784619	785375	0	9.39673217681301e-59	2.13986959201075e-57	5.2053899236876	1.1519767192416	0.603576879457163
Synechococcus_sp_CB0101_CB0101	GCF_000179235.2	AATT	2857	2232.84553710956	2789647	508762	493841	899563	887458	21	5.26222177352502e-37	8.14697932131356e-36	1.02414391498279	1.27953320214815	0.640595650166474
Synechococcus_sp_CB0101_CB0101	GCF_000179235.2	TCGA	13891	10607.9624042936	2789647	508762	493841	899563	887458	21	2.88473381843603e-204	3.5473983870139e-202	4.97948306721245	1.30948804969158	0.640595650166474
Synechococcus_sp_CBW1002_CBW1002	GCF_015840915.1	GATC	40693	38124.0203030056	3854122	681942	680987	1244917	1246276	0	2.19991840349377e-39	3.60017064967194e-38	10.5583061459912	1.06738480560488	0.646371080105923
Synechococcus_sp_CBW1002_CBW1002	GCF_015840915.1	TCGA	20010	16197.4596932657	3854122	681942	680987	1244917	1246276	0	1.54902784422227e-184	1.25792751727031e-182	5.1918439530456	1.23537890378696	0.646371080105923
Synechococcus_sp_CBW1002_CBW1002	GCF_015840915.1	TTAA	1408	986.968957361183	3854122	681942	680987	1244917	1246276	0	1.369964637861e-36	2.11337914027015e-35	0.365323152718051	1.42658995452553	0.646371080105923
Synechococcus_sp_CBW1004_CBW1004	GCF_015840715.1	TCGA	21189	16477.7306497332	3672318	595492	614278	1224725	1237823	0	5.4147146132741e-272	1.16524658477659e-269	5.76992515354062	1.28591736631786	0.670570468025917
Synechococcus_sp_CBW1006_CBW1006	GCF_015840525.1	GATC	40258	37836.6243359055	3860130	683558	684133	1244386	1248053	0	1.69241530231633e-35	2.57390652338144e-34	10.4291824368609	1.06399555210312	0.645687839528721
Synechococcus_sp_CBW1006_CBW1006	GCF_015840525.1	TCGA	20362	16373.8500048632	3860130	683558	684133	1244386	1248053	0	4.19921602046142e-199	4.51835643801648e-197	5.27495187985897	1.24356825022535	0.645687839528721
Synechococcus_sp_CBW1107_CBW1107	GCF_015841355.1	AATT	2225	1535.56168736248	3202093	537927	542299	1061651	1060216	0	2.86422502493985e-61	6.81084226924924e-60	0.694858019426669	1.44898118930131	0.662650022969352
Synechococcus_sp_CBW1107_CBW1107	GCF_015841355.1	GATC	32420	30261.744511655	3202093	537927	542299	1061651	1060216	0	3.47876013909847e-35	5.25353811883502e-34	10.1246278605899	1.07131959915641	0.662650022969352
Synechococcus_sp_CBW1107_CBW1107	GCF_015841355.1	GGCC	50222	47442.7174865332	3202093	537927	542299	1061651	1060216	0	1.93122657860355e-37	3.06715837428401e-36	15.6841166074814	1.05858185746328	0.662650022969352
Synechococcus_sp_CBW1107_CBW1107	GCF_015841355.1	TCGA	18976	13725.0233203872	3202093	537927	542299	1061651	1060216	0	0	0	5.92612394455751	1.38258417177427	0.662650022969352
Synechococcus_sp_CBW1108_CBW1108	GCF_015840335.1	AATT	5070	4053.26375694312	3226220	589878	581456	1027471	1027415	0	1.31187309483292e-53	2.80910537321437e-52	1.57149853388796	1.25084383944056	0.636933005188735
Synechococcus_sp_CBW1108_CBW1108	GCF_015840335.1	GATC	26096	24080.1376033906	3226220	589878	581456	1027471	1027415	0	3.64512580695091e-38	5.87588819217855e-37	8.0887230257081	1.08371473742432	0.636933005188735
Synechococcus_sp_CBW1108_CBW1108	GCF_015840335.1	GGCC	50649	47980.598636457	3226220	589878	581456	1027471	1027415	0	2.45964124161792e-34	3.68860484457266e-33	15.6991773654617	1.055614174049	0.636933005188735
Synechococcus_sp_CBW1108_CBW1108	GCF_015840335.1	TCGA	15113	11499.3048877319	3226220	589878	581456	1027471	1027415	0	1.14816124661279e-227	1.83025407608202e-225	4.68442945614372	1.31425335248945	0.636933005188735
Synechococcus_sp_CC9605_CC9605	GCF_000012625.1	TCGA	12558	10660.4962308973	2510659	512396	511510	742452	744301	0	5.2268016839885e-72	1.40600965299291e-70	5.00187400997109	1.17799394399701	0.592176396714966
Synechococcus_sp_HK01-R_HK01-R	GCF_014217855.1	TCGA	13728	12104.8962801954	2479254	479952	481767	759705	757730	100	8.84184443095153e-48	1.72195920501427e-46	5.53714948125525	1.13408654500081	0.612077749103122
Synechococcus_sp_JA-2-3Ba2-13_JA-2-3Ba2-13	GCF_000013225.1	GATC	27187	24188.3692171207	3046682	634896	630988	891491	889305	0	1.29750764146486e-80	4.29574837604983e-79	8.9234780656465	1.12396994423075	0.584503787729594
Synechococcus_sp_JA-2-3Ba2-13_JA-2-3Ba2-13	GCF_000013225.1	TTAA	3350	2629.93967364029	3046682	634896	630988	891491	889305	0	1.26842590286088e-41	2.21024497405394e-40	1.09955682936388	1.27379347654885	0.584503787729594
Synechococcus_sp_JA-3-3Ab_JA-3-3Ab	GCF_000013205.1	AATT	5026	4008.20009683177	2932766	583006	583140	882286	884334	0	2.94771898918555e-54	6.34349126472729e-53	1.71374054390974	1.25392941434554	0.602373322658541
Synechococcus_sp_JA-3-3Ab_JA-3-3Ab	GCF_000013205.1	GATC	25416	22748.2669591529	2932766	583006	583140	882286	884334	0	2.62266492208437e-68	6.75925139200666e-67	8.66622158058297	1.11727192430251	0.602373322658541
Synechococcus_sp_JA-3-3Ab_JA-3-3Ab	GCF_000013205.1	TCGA	8917	7477.56185442489	2932766	583006	583140	882286	884334	0	4.16240731226073e-59	9.68378436322712e-58	3.04047441902968	1.19250100147594	0.602373322658541
Synechococcus_sp_JA-3-3Ab_JA-3-3Ab	GCF_000013205.1	TTAA	3035	2303.75111215006	2932766	583006	583140	882286	884334	0	4.5077196222613e-48	8.81873875191483e-47	1.03485924209432	1.31741661848509	0.602373322658541
Synechococcus_sp_KORDI-100_KORDI-100	GCF_000737535.1	TCGA	16096	14606.16212158	2789000	588881	596497	800083	803539	0	2.64801021260926e-34	3.95730415106607e-33	5.7712441735389	1.10200063959436	0.574980996773037
Synechococcus_sp_KORDI-49_KORDI-49	GCF_000737575.1	AATT	3439	2687.3778165779	2585813	495468	503489	795592	791264	0	3.46761465847983e-44	6.27084600424252e-43	1.32994922680024	1.27968608611171	0.613677787218179
Synechococcus_sp_KORDI-49_KORDI-49	GCF_000737575.1	TCGA	15040	12853.8817550098	2585813	495468	503489	795592	791264	0	2.70312999606265e-79	8.49216898033114e-78	5.81635253593357	1.17007455698262	0.613677787218179
Synechococcus_sp_KORDI-52_KORDI-52	GCF_000737595.1	TCGA	12893	11132.1788325124	2572069	528371	523984	760568	759146	0	4.21006439375819e-60	9.90170336105751e-59	5.01269600465617	1.15817399216989	0.590852733733037
Synechococcus_sp_LA31_LA31	GCF_018502385.1	TCGA	13248	10401.4168792668	2752151	504434	507156	868952	871509	100	1.0325502916657e-158	5.84749533595943e-157	4.81368936515475	1.27367263073623	0.63242323634264
Synechococcus_sp_LTW-R_LTW-R	GCF_014217875.1	TCGA	13356	10575.3413513928	2415533	452903	451408	751571	759651	0	1.22011443687398e-149	6.40411284915317e-148	5.52921446322613	1.26293795691436	0.625626725033357
Synechococcus_sp_M161_M161	GCF_014279895.1	TCGA	10638	8815.85457013654	2112236	408113	408039	646320	649764	0	2.20331692315018e-79	7.02450076832471e-78	5.03636904209568	1.20668959717597	0.61360757036619
Synechococcus_sp_MEDNS5_MEDNS5	GCF_014279875.1	TCGA	12444	11076.8217687174	2435869	496319	500268	720638	718644	0	1.31761898575384e-37	2.10038226469798e-36	5.10864911044067	1.12342694139431	0.590870034472297
Synechococcus_sp_Minos11_MINOS11	GCF_014279855.1	TCGA	9591	7495.25984565646	2284343	451372	451826	692085	689060	0	1.099567919923e-119	4.82912278300879e-118	4.19858138642052	1.27960873905633	0.604613667912393
Synechococcus_sp_NB0720_010_NB0720_010	GCF_023078835.1	GGCC	30133	28033.4837867747	2410448	444796	444367	760438	760847	0	6.15349056207e-36	9.45879406398188e-35	12.500995665536	1.07489316094976	0.631121268743404
Synechococcus_sp_NB0720_010_NB0720_010	GCF_023078835.1	TCGA	12889	10073.8957648934	2410448	444796	444367	760438	760847	0	4.66402702895412e-160	2.71269896386737e-158	5.34713878913795	1.27944544005677	0.631121268743404
Synechococcus_sp_NB0720_010_NB0720_010	GCF_023078835.1	TTAA	1348	911.066684606888	2410448	444796	444367	760438	760847	0	8.22997327884386e-42	1.44578795886302e-40	0.559232142738611	1.47958434083411	0.631121268743404
Synechococcus_sp_NIES-970_NIES-970	GCF_002356215.1	ATAT	10054	8864.15610000504	3123859	794091	785833	771315	772620	0	1.57974459752017e-35	2.41107118713716e-34	3.21845512233427	1.13423092808511	0.494239656783485
Synechococcus_sp_NIES-970_NIES-970	GCF_002356215.1	GATC	21376	19186.4971676793	3123859	794091	785833	771315	772620	0	6.08988158784212e-55	1.32378032091275e-53	6.84281844987242	1.11411686110214	0.494239656783485
Synechococcus_sp_NOUM97013_NOUM97013	GCF_014279815.1	TCGA	13325	11789.3294595007	2552712	525575	525688	749993	751456	0	4.04799586576951e-44	7.28978000262426e-43	5.21993863780951	1.13025936256805	0.58817798482555
Synechococcus_sp_PCC_11901_PCC_11901	GCF_005577135.1	ATAT	10876	9386.37591118969	3471813	880885	883001	853793	853856	278	3.08119072306384e-51	6.3756946500321e-50	3.13265720244725	1.15870066390954	0.491900268901221
Synechococcus_sp_PCC_11901_PCC_11901	GCF_005577135.1	GATC	22795	20504.1050171538	3471813	880885	883001	853793	853856	278	2.93506858099993e-56	6.47822316544805e-55	6.56573381112404	1.11172860170828	0.491900268901221
Synechococcus_sp_PCC_7002_PCC_7002_ATCC_27264	GCF_000019485.1	ATAT	10618	9175.07021410869	3409935	865799	866890	838600	838646	0	2.75895565022142e-49	5.60120052761933e-48	3.11384234596847	1.15726634807355	0.491870372895671
Synechococcus_sp_PCC_7002_PCC_7002_ATCC_27264	GCF_000019485.1	GATC	22882	20314.3103471319	3409935	865799	866890	838600	838646	0	1.84340300325945e-70	4.80848880365374e-69	6.71039184031367	1.12639807155602	0.491870372895671
Synechococcus_sp_PCC_7003_PCC_7003	GCF_001693255.1	ATAT	10453	9150.62490227233	3345085	848666	848580	824647	823192	0	8.24027112049089e-41	1.40738598819813e-39	3.12488322419311	1.14232635602889	0.492614985867325
Synechococcus_sp_PCC_7003_PCC_7003	GCF_001693255.1	GATC	22541	19949.0653192059	3345085	848666	848580	824647	823192	0	5.90587092788424e-73	1.62941464574447e-71	6.73854326571672	1.12992762514536	0.492614985867325
Synechococcus_sp_PCC_7117_PCC_7117	GCF_001693275.1	ATAT	10705	9318.5960338412	3432101	874421	871614	843306	842760	0	4.25101930568676e-45	7.81896884259649e-44	3.11908070304458	1.14877820233048	0.491263514680949
Synechococcus_sp_PCC_7117_PCC_7117	GCF_001693275.1	GATC	23032	20411.4337626413	3432101	874421	871614	843306	842760	0	6.39219923237113e-73	1.74126743646363e-71	6.71075822069339	1.12838717102544	0.491263514680949
Synechococcus_sp_PCC_73109_PCC_73109	GCF_001521855.1	ATAT	10123	8729.44408703606	3298676	835724	835233	813227	814492	0	2.53687124746384e-48	5.00857516013045e-47	3.06880700014188	1.15963856335749	0.493446158398097
Synechococcus_sp_PCC_73109_PCC_73109	GCF_001521855.1	GATC	22322	19743.7468510628	3298676	835724	835233	813227	814492	0	6.3230871243945e-73	1.73341190977031e-71	6.76695740957887	1.13058580868091	0.493446158398097
Synechococcus_sp_PCC_7502_PCC_7502	GCF_000317085.1	AATT	42470	39891.0706192384	3583735	1063040	1064941	729573	726181	0	4.39441825189467e-38	7.05730453587861e-37	11.85076463522	1.06464928969637	0.406211396769013
Synechococcus_sp_PCC_7502_PCC_7502	GCF_000317085.1	ATAT	21371	17931.3876002795	3583735	1063040	1064941	729573	726181	0	4.05167311784044e-138	1.98163648854378e-136	5.96333155213764	1.19182076013275	0.406211396769013
Synechococcus_sp_PCC_7502_PCC_7502	GCF_000317085.1	GATC	21600	18477.4958016771	3583735	1063040	1064941	729573	726181	0	1.13348380314243e-111	4.83021216705448e-110	6.02723136615849	1.16898957693388	0.406211396769013
Synechococcus_sp_PCC_8807_PCC_8807	GCF_001693295.1	ATAT	10158	8754.11234434853	3304088	836277	836562	814829	816420	0	7.21529382648042e-49	1.4579635976137e-47	3.07437332177593	1.1603689329573	0.493706281430761
Synechococcus_sp_PCC_8807_PCC_8807	GCF_001693295.1	GATC	22484	19807.3103320657	3304088	836277	836562	814829	816420	0	4.40382522635748e-78	1.33479322353821e-76	6.80490350135953	1.13513645331245	0.493706281430761
Synechococcus_sp_PROS-7-1_PROS-7-1	GCF_014279795.1	TCGA	13281	11875.6794262735	2565218	522188	522687	760908	759435	0	3.77938680778094e-37	5.95841788303632e-36	5.17733775453002	1.11833601457929	0.592675944110793
Synechococcus_sp_PROS-U-1_PROS-U-1	GCF_014279755.1	TCGA	13262	11655.9938056597	2576003	534992	537111	753790	750110	0	1.78200982054555e-48	3.55081956834632e-47	5.14828592979123	1.13778372064341	0.583811431896624
Synechococcus_sp_RCC307	GCF_000063525.1	TCGA	9455	7325.53032753647	2224914	436514	434684	677506	676209	1	6.39191067788373e-126	2.83616325336202e-124	4.24960245654439	1.29069153730194	0.608435026448225
Synechococcus_sp_RS9902_RS9902	GCF_014279635.1	AATT	4762	3896.41699768745	2481217	494100	504005	739112	744000	0	2.93720334230298e-41	5.05668927410881e-40	1.9192194797956	1.22214845146869	0.59773570792075
Synechococcus_sp_RS9902_RS9902	GCF_014279635.1	TCGA	12333	10465.7511293162	2481217	494100	504005	739112	744000	0	4.78950059743366e-71	1.27246978835522e-69	4.97054469641309	1.17841517991512	0.59773570792075
Synechococcus_sp_RS9907_RS9907	GCF_014279615.1	AATT	4443	3587.85549054898	2581635	513389	509992	779536	778718	0	2.08497681729488e-43	3.73905842568216e-42	1.72100238802154	1.23834418964298	0.603591909778106
Synechococcus_sp_RS9907_RS9907	GCF_014279615.1	TCGA	13013	10935.2615968052	2581635	513389	509992	779536	778718	0	1.63992325113756e-83	5.60176958166354e-82	5.0406041132848	1.19000353899186	0.603591909778106
Synechococcus_sp_RS9909_RS9909	GCF_014279595.1	TCGA	14123	11941.6513079813	2603169	463650	462039	835134	842346	0	1.76185269028908e-84	6.16505201545056e-83	5.42531045813775	1.18266725729638	0.644399191908017
Synechococcus_sp_RSCCF101_RSCCF101	GCF_008807075.1	GGCC	48952	45538.4211493816	2984853	477139	478569	1013477	1015668	0	2.09353268993657e-57	4.69300244660782e-56	16.4001376282182	1.07496041286589	0.679814047793978
Synechococcus_sp_RSCCF101_RSCCF101	GCF_008807075.1	TCGA	17177	13163.747682492	2984853	477139	478569	1013477	1015668	0	5.78412113468882e-246	9.57494513988487e-244	5.75472225935415	1.30487156198274	0.679814047793978
Synechococcus_sp_SynAce01_SynAce01	GCF_001885215.1	TCGA	15322	12222.4709156158	2750634	499845	492702	881077	877010	0	3.9284550354272e-161	2.38141837640545e-159	5.57035214426929	1.25359267416413	0.639157008893222
Synechococcus_sp_TAK9802_TAK9802	GCF_014279535.1	TCGA	10890	9194.64571510215	2190394	433260	426242	666933	663959	0	1.11526387541722e-66	2.79075332546262e-65	4.97170828627178	1.1843849493965	0.607603928790893
Synechococcus_sp_WH_7803	GCF_000063505.1	TCGA	12369	10697.781171473	2366980	468383	472822	713269	712506	0	1.63153553976729e-56	3.61965410472083e-55	5.22564618205477	1.15622107068179	0.602360391722786
Synechococcus_sp_WH_8101_WH_8101	GCF_004209775.1	TCGA	14075	12250.782018382	2630292	482972	481415	830120	835785	0	7.54609353123484e-59	1.73681211542432e-57	5.35111691021377	1.1489062476894	0.633353635261788
Synechococcus_sp_WH_8101_WH_8101	GCF_014304795.1	TCGA	14041	12215.558994257	2623023	481392	480077	828172	833382	0	4.43569956337387e-59	1.02641133982587e-57	5.35298394257313	1.14943573246228	0.633450030746966
Synechococcus_sp_WH_8109_WH_8109	GCF_000161795.2	TCGA	10426	8908.81289410863	2111515	419815	422973	633359	635368	0	1.04951656889326e-55	2.30465271046765e-54	4.93768692147581	1.17030182628425	0.600860993173148
Thermoleptolyngbya_sichuanensis_PKUAC-SCTA183_PKUAC-SCTA183	GCF_013177315.1	TTAA	9377	8150.98911305589	5525100	1203706	1206525	1559993	1554876	0	1.82900492986145e-40	3.08707341887203e-39	1.69716385223797	1.15041252907335	0.563766990642703
Thermoleptolyngbya_sp_PKUAC-SCTB121_PKUAC-SCTB121	GCF_016919485.1	TTAA	9398	8163.40772811026	5490383	1194410	1202985	1541055	1551932	0	6.17652615437267e-41	1.05911428559442e-39	1.71172029346587	1.15123491475729	0.563346411961864
Thermostichus_lividus_PCC_6715_PCC_6715	GCF_002754935.1	GATC	14729	13249.3794030459	2659739	618651	617734	712290	711064	0	5.20931241810314e-37	8.11707002359049e-36	5.53776141192801	1.11167470958028	0.535147997604276
Thermosynechococcus_elongatus_PKUAC-SCTE542_PKUAC-SCTE542	GCF_003555505.1	GATC	15942	14436.4043271512	2650294	617188	621084	704415	707607	0	2.31414224211312e-35	3.50706627114608e-34	6.01518171191573	1.10429159773651	0.532779382211936
Thermosynechococcus_sp_CL-1_CL-1	GCF_008386235.1	GATC	16230	14674.6930138461	2647823	615940	615885	709339	706659	0	5.22404367224574e-37	8.11707002359049e-36	6.12956379637159	1.10598565739579	0.534778193255365
Thermosynechococcus_sp_NK55a_NK55	GCF_000505665.1	GATC	14780	13377.1617855726	2520064	578938	585049	678152	677825	100	3.02472147656485e-33	4.47367740039007e-32	5.86493041446566	1.10486815042787	0.538093798165371
Thermosynechococcus_sp_TA-1_TA-1	GCF_017086385.1	GATC	16344	14761.072318235	2658717	614256	619909	712402	712150	0	4.89356279335416e-38	7.82970046936666e-37	6.14732594706394	1.10723663211172	0.535804299592623
Tolypothrix_sp_PCC_7910_PCC_7910	GCF_011769525.1	AATT	108101	103478.617513414	8761534	2602021	2603489	1777600	1778424	0	5.35400120294511e-47	1.02416094122114e-45	12.3381362213512	1.04466992889605	0.405867739599025
Tolypothrix_sp_PCC_7910_PCC_7910	GCF_011769525.1	ATAT	51692	43238.0355194318	8761534	2602021	2603489	1777600	1778424	0	0	0	5.89988008949118	1.19552147499321	0.405867739599025
Tolypothrix_tenuis_PCC_7101_NIES-37	GCF_002368295.1	AATT	115870	110661.30444045	9352233	2772345	2771333	1902312	1905441	802	2.25512076784637e-55	4.92692374863491e-54	12.3895544518619	1.04706880680548	0.407183991412651
Tolypothrix_tenuis_PCC_7101_NIES-37	GCF_002368295.1	ATAT	54988	45750.3064208191	9352233	2772345	2771333	1902312	1905441	802	0	0	5.87966531629398	1.20191544717124	0.407183991412651
Trichormus_variabilis_0441_0441	GCF_009856605.1	ATAT	40006	34550.7574219319	7096012	2082473	2075635	1464722	1473182	0	2.21720022449261e-181	1.67418066073969e-179	5.63781459219629	1.15789067983225	0.414021847764632
Trichormus_variabilis_ATCC_29413_ATCC_29413	GCF_000204075.1	ATAT	39992	34556.397806766	7105752	2089422	2073856	1470375	1472099	0	4.27512299161313e-180	3.06668822598382e-178	5.62811648928924	1.15729655109392	0.414097480463714
Trichormus_variabilis_NIES-23_NIES-23	GCF_002368015.1	ATAT	42319	36327.4700198656	7472825	2179077	2191466	1532723	1540555	29004	2.60130529624541e-207	3.29294646912949e-205	5.66305246008036	1.16493111072304	0.412862963792386
Phormidium_sp_ETS-05_ETS-05	GCF_016446395.1	AATT	47889	44506.9864169	6286783	1585611	1588215	1556273	1556683	1	3.69382338241372e-57	8.23741753259515e-56	7.61740941273144	1.0759883752052	0.49515889051028
Phormidium_sp_ETS-05_ETS-05	GCF_016446395.1	ATAT	28392	24525.5791003162	6286783	1585611	1588215	1556273	1556683	1	6.5380887380548e-129	2.9620983082724e-127	4.51614124425799	1.15764850582606	0.49515889051028
